1561000445190808748 1561000454993269905 0.999179 -0.040271 -0.004319 9.539759 0.040253 0.999181 -0.004072 0.278353 0.004479 0.003895 0.999982 -0.228325 
1561000455093516159 1561000456794343532 0.999975 0.005522 -0.004506 9.860948 -0.005557 0.999955 -0.007632 -0.046340 0.004464 0.007656 0.999961 -0.268652 
1561000456895544544 1561000458198403109 0.999412 0.010422 -0.032653 9.344739 -0.010207 0.999925 0.006752 -0.007178 0.032721 -0.006415 0.999444 -0.068411 
1561000458297377801 1561000459398509299 0.999901 0.013665 0.003478 9.194829 -0.013685 0.999889 0.005816 -0.046371 -0.003399 -0.005863 0.999977 -0.194610 
1561000459491431731 1561000460591535606 0.999819 0.018991 0.000962 9.743696 -0.018993 0.999817 0.002187 -0.085179 -0.000920 -0.002205 0.999997 -0.207180 
1561000460693044906 1561000461791321849 0.999874 0.015240 0.004364 9.469682 -0.015243 0.999884 0.000537 -0.050332 -0.004356 -0.000604 0.999990 -0.220854 
1561000461893237468 1561000463091602387 0.999896 0.014026 0.003489 10.056946 -0.014019 0.999899 -0.002210 -0.088140 -0.003520 0.002160 0.999991 -0.374063 
1561000463192769881 1561000464292778905 0.998413 0.017801 -0.053422 9.291726 -0.016945 0.999721 0.016434 -0.055197 0.053699 -0.015503 0.998437 -0.156705 
1561000464392698436 1561000465492971457 0.999852 0.009713 -0.014190 9.685459 -0.009782 0.999941 -0.004819 -0.058721 0.014142 0.004957 0.999888 -0.109182 
1561000465594240668 1561000466695596548 0.999909 0.012562 0.004970 9.995009 -0.012604 0.999885 0.008380 -0.019908 -0.004864 -0.008442 0.999953 -0.200177 
1561000466795515878 1561000467796096584 0.999966 -0.007691 0.003085 9.296876 0.007698 0.999968 -0.002075 0.011152 -0.003069 0.002099 0.999993 -0.225952 
1561000467898912079 1561000468997657985 0.999945 -0.001374 -0.010413 9.903673 0.001335 0.999992 -0.003752 -0.006141 0.010418 0.003738 0.999939 -0.178951 
1561000469098743481 1561000470198817494 0.999736 0.008395 -0.021395 9.550142 -0.008498 0.999953 -0.004710 -0.048044 0.021355 0.004890 0.999760 0.075334 
1561000470298787023 1561000471398758658 0.999887 0.014448 0.004054 9.910520 -0.014444 0.999895 -0.000850 -0.066942 -0.004066 0.000791 0.999991 -0.212104 
1561000471498985411 1561000472497413659 0.999863 0.016297 -0.003063 9.206749 -0.016301 0.999866 -0.001376 -0.056225 0.003040 0.001426 0.999994 -0.136627 
1561000472598673950 1561000473598819727 0.999698 0.016768 -0.017950 9.377437 -0.017013 0.999763 -0.013573 -0.103018 0.017718 0.013874 0.999747 -0.057632 
1561000473697914245 1561000474689707438 0.999429 0.019141 0.027827 9.645502 -0.019539 0.999710 0.014104 -0.059172 -0.027549 -0.014639 0.999513 -0.236046 
1561000474790758362 1561000475790538035 0.999683 0.020165 -0.015058 9.760638 -0.020203 0.999793 -0.002370 -0.101541 0.015007 0.002673 0.999884 -0.179449 
1561000475890708295 1561000476891652702 0.999710 0.022854 -0.007555 9.377207 -0.022850 0.999739 0.000565 -0.080734 0.007566 -0.000393 0.999971 -0.161646 
1561000476991911895 1561000478091720255 0.999295 0.025035 -0.027970 9.905539 -0.024986 0.999686 0.002079 -0.120916 0.028013 -0.001379 0.999607 0.043028 
1561000478190011195 1561000479191342289 0.999735 0.013430 0.018697 9.301410 -0.013448 0.999909 0.000825 -0.073273 -0.018685 -0.001077 0.999825 -0.163466 
1561000479291658628 1561000480291673932 0.999867 0.015682 0.004561 9.435260 -0.015684 0.999877 0.000414 -0.077419 -0.004554 -0.000485 0.999990 -0.203390 
1561000480392805089 1561000481391741591 0.999801 0.019856 0.001929 9.539180 -0.019846 0.999791 -0.004874 -0.067794 -0.002026 0.004835 0.999986 -0.197745 
1561000481489406930 1561000482489697419 0.999594 0.021487 0.018719 9.874022 -0.021585 0.999754 0.005065 -0.095895 -0.018605 -0.005467 0.999812 -0.243667 
1561000482591701479 1561000483590919988 0.999884 0.014738 0.003719 10.048456 -0.014729 0.999888 -0.002628 -0.069818 -0.003757 0.002573 0.999990 -0.239413 
1561000483689178230 1561000484691321331 0.999930 0.011807 0.000493 9.722445 -0.011806 0.999929 -0.001705 -0.061273 -0.000513 0.001699 0.999998 -0.251687 
1561000484794259055 1561000485794484911 0.999876 0.010249 -0.011964 9.295128 -0.010227 0.999946 0.001924 -0.049453 0.011983 -0.001801 0.999927 -0.161218 
1561000485893100895 1561000487094537283 0.999352 0.019499 -0.030253 9.968345 -0.020082 0.999616 -0.019090 -0.117129 0.029869 0.019685 0.999360 0.120046 
1561000487193841176 1561000488494628015 0.998681 0.030226 0.041503 9.785675 -0.030589 0.999499 0.008138 -0.099917 -0.041236 -0.009397 0.999105 -0.188960 
1561000488595767725 1561000490098557841 0.998666 -0.051373 0.005298 9.735029 0.051277 0.998543 0.016824 0.339073 -0.006155 -0.016530 0.999844 -0.319591 
1561000490197315084 1561000492489563782 0.612343 -0.790402 0.017363 9.062982 0.790537 0.611893 -0.025270 3.995762 0.009349 0.029200 0.999530 -0.280009 
1561000492590475441 1561000494590234268 0.696771 -0.717010 -0.020168 9.521837 0.715780 0.696852 -0.045340 1.344301 0.046563 0.017156 0.998768 -0.055598 
1561000494688988071 1561000496290830388 0.999697 -0.015680 -0.018996 9.928339 0.015872 0.999824 0.009967 -0.054800 0.018836 -0.010265 0.999770 -0.152631 
1561000496388871907 1561000497691018158 0.999999 -0.000001 0.001284 9.550765 0.000023 0.999862 -0.016605 -0.037575 -0.001284 0.016605 0.999861 -0.197439 
1561000497790903730 1561000498992214179 0.999923 0.003101 -0.011998 9.896518 -0.003263 0.999904 -0.013468 -0.071264 0.011955 0.013506 0.999837 -0.154061 
1561000499092676760 1561000500192063380 0.999968 0.004110 0.006836 9.851886 -0.003998 0.999860 -0.016242 -0.078610 -0.006902 0.016215 0.999845 -0.235197 
1561000500292681766 1561000501392837372 0.999981 0.002840 0.005399 9.792327 -0.002944 0.999810 0.019274 -0.002717 -0.005343 -0.019289 0.999800 -0.225226 
1561000501493810108 1561000502692621107 0.999830 -0.003094 -0.018156 9.762791 0.003202 0.999978 0.005872 -0.009582 0.018137 -0.005929 0.999818 -0.103336 
1561000502794357543 1561000504094219697 0.999659 0.011322 0.023546 9.368292 -0.011330 0.999936 0.000244 -0.088568 -0.023542 -0.000511 0.999723 -0.410783 
1561000504195652501 1561000505594078528 0.998959 0.000963 -0.045615 9.947831 -0.000748 0.999989 0.004717 -0.024771 0.045619 -0.004678 0.998948 -0.226652 
1561000505695470651 1561000507097158626 0.999993 -0.001131 0.003662 9.931686 0.001132 0.999999 -0.000347 -0.014726 -0.003662 0.000351 0.999993 -0.250911 
1561000507198274115 1561000508690562955 0.999450 -0.008489 -0.032054 9.952626 0.008928 0.999868 0.013561 0.032530 0.031935 -0.013840 0.999394 0.024540 
1561000508790282838 1561000510392044454 0.999569 -0.001019 0.029334 9.963966 0.001995 0.999445 -0.033255 -0.074507 -0.029284 0.033299 0.999016 -0.351949 
1561000510490613082 1561000513192046484 0.999999 -0.000223 -0.001340 10.072118 0.000187 0.999640 -0.026837 -0.061309 0.001346 0.026837 0.999639 -0.224404 
1561000513290036093 1561000517393976019 0.999816 -0.004251 -0.018729 9.850541 0.003983 0.999890 -0.014291 0.043732 0.018788 0.014214 0.999722 -0.125350 
1561000517493041612 1561000520094164052 0.855562 -0.516754 -0.031276 9.559756 0.517393 0.855572 0.017322 1.973301 0.017808 -0.031002 0.999361 -0.085235 
1561000520194026928 1561000522095573058 0.932697 -0.360209 -0.018049 9.625667 0.359987 0.932846 -0.014407 0.957526 0.022027 0.006940 0.999733 -0.128362 
1561000522195819840 1561000523695025214 0.972722 -0.231973 -0.000180 9.655164 0.231973 0.972718 0.003042 0.703270 -0.000531 -0.003001 0.999995 -0.176291 
1561000523796582926 1561000525198131337 0.997108 -0.072273 -0.023515 9.809908 0.072693 0.997200 0.017543 0.075553 0.022181 -0.019201 0.999570 -0.074040 
1561000525298217987 1561000526598039798 0.999859 0.004262 -0.016245 9.923922 -0.004206 0.999985 0.003474 -0.046717 0.016260 -0.003405 0.999862 -0.155648 
1561000526697687406 1561000527797972162 0.999982 0.005490 -0.002392 9.157665 -0.005481 0.999978 0.003835 -0.025918 0.002413 -0.003822 0.999990 -0.187950 
1561000527897967468 1561000528989218984 0.999999 -0.001117 -0.000226 9.836665 0.001117 0.999997 -0.002346 -0.019071 0.000229 0.002345 0.999997 -0.187671 
1561000529090054939 1561000530091095148 0.999938 0.011001 0.001840 9.388949 -0.010993 0.999932 -0.003967 -0.075788 -0.001883 0.003947 0.999990 -0.204027 
1561000530191265665 1561000531191185347 0.999504 0.030275 -0.008714 9.586684 -0.030337 0.999515 -0.007073 -0.154645 0.008496 0.007334 0.999937 -0.176393 
1561000531291087669 1561000532289639715 0.999226 0.039292 -0.001862 9.717361 -0.039265 0.999147 0.012779 -0.135806 0.002362 -0.012696 0.999917 -0.207538 
1561000532390635593 1561000533390959458 0.998935 0.046108 0.001677 9.872913 -0.046110 0.998935 0.001394 -0.185871 -0.001611 -0.001470 0.999998 -0.242670 
1561000533490810935 1561000534489365938 0.998090 0.061635 -0.004178 9.984309 -0.061633 0.998099 0.000608 -0.241850 0.004208 -0.000350 0.999991 -0.208380 
1561000534589595160 1561000535489432355 0.998903 0.046822 0.000760 9.118359 -0.046820 0.998901 -0.001954 -0.161959 -0.000851 0.001917 0.999998 -0.218311 
1561000535591537727 1561000536491059311 0.999138 0.041155 -0.005437 9.107275 -0.041172 0.999147 -0.003127 -0.160188 0.005304 0.003348 0.999980 -0.191584 
1561000536589661760 1561000537591160369 0.998428 0.055801 0.005311 9.972680 -0.055891 0.998261 0.018746 -0.189615 -0.004255 -0.019014 0.999810 -0.220653 
1561000537690526449 1561000538690420584 0.999038 0.043831 -0.001182 9.902042 -0.043828 0.999037 0.001953 -0.159713 0.001267 -0.001899 0.999997 -0.233660 
1561000538789849622 1561000539789888636 0.998736 0.049952 -0.005645 9.774027 -0.049994 0.998721 -0.007534 -0.199433 0.005261 0.007807 0.999956 -0.186255 
1561000539891501870 1561000540993315742 0.998190 0.059144 0.010871 9.740251 -0.059258 0.998188 0.010426 -0.171494 -0.010234 -0.011052 0.999887 -0.350476 
1561000541091596285 1561000542391326369 0.999115 0.041607 0.006249 9.741800 -0.041720 0.998944 0.019222 -0.148529 -0.005443 -0.019466 0.999796 -0.383395 
1561000542489293147 1561000543691095196 0.996374 0.068157 -0.050931 9.204542 -0.069419 0.997312 -0.023429 -0.295062 0.049198 0.026879 0.998427 -0.150491 
1561000543792948425 1561000544991619920 0.999524 0.030399 -0.005169 10.035652 -0.030277 0.999296 0.022166 -0.054771 0.005839 -0.021999 0.999741 -0.191358 
1561000545092017817 1561000546192507970 0.999852 0.012359 0.012002 9.866216 -0.012347 0.999923 -0.001082 -0.085745 -0.012014 0.000933 0.999927 -0.253503 
1561000546292544125 1561000547294580407 0.999756 0.022076 -0.000715 9.589040 -0.022087 0.999493 -0.022950 -0.132783 0.000208 0.022960 0.999736 -0.166923 
1561000547392252737 1561000548296699675 0.998547 0.053782 -0.003243 9.115109 -0.053691 0.998278 0.023618 -0.178432 0.004507 -0.023410 0.999716 -0.182478 
1561000548395435736 1561000549296628673 0.998422 0.056001 0.004270 9.514410 -0.055989 0.998427 -0.002931 -0.211370 -0.004427 0.002688 0.999987 -0.195539 
1561000549395450411 1561000550296714203 0.999003 0.044041 -0.007346 9.779093 -0.043988 0.999005 0.007300 -0.155233 0.007661 -0.006970 0.999946 -0.204682 
1561000550395317777 1561000551296757849 0.998823 0.048443 -0.002276 9.663127 -0.048454 0.998811 -0.005441 -0.190200 0.002009 0.005545 0.999983 -0.223667 
1561000551395389086 1561000552296799883 0.998537 0.053441 -0.008223 9.680233 -0.053484 0.998556 -0.005111 -0.232073 0.007938 0.005543 0.999953 -0.207702 
1561000552396836781 1561000553289964086 0.997987 0.062610 -0.010065 9.736268 -0.062621 0.998037 -0.000713 -0.262397 0.010000 0.001342 0.999949 -0.178844 
1561000553389907201 1561000554290438619 0.997200 0.074730 0.002700 9.916967 -0.074745 0.997186 0.005774 -0.323162 -0.002261 -0.005960 0.999980 -0.172686 
1561000554389962430 1561000555190901897 0.997562 0.068896 -0.011083 9.044375 -0.068845 0.997615 0.004923 -0.239588 0.011396 -0.004148 0.999926 -0.047444 
1561000555290039996 1561000556089356420 0.998484 0.053366 0.013482 9.299313 -0.053462 0.998546 0.006864 -0.204966 -0.013096 -0.007574 0.999886 -0.187980 
1561000556189784405 1561000556990822895 0.999919 0.011350 0.005734 9.251167 -0.011383 0.999918 0.005861 -0.015536 -0.005667 -0.005926 0.999966 -0.234375 
1561000557089528447 1561000557889040275 0.999940 -0.010678 0.002357 9.130223 0.010681 0.999942 -0.001521 0.052599 -0.002340 0.001546 0.999996 -0.323404 
1561000557991403016 1561000558888877118 0.996527 -0.082781 -0.009058 9.250615 0.082887 0.996486 0.012055 0.349671 0.008028 -0.012764 0.999886 -0.304026 
1561000558990609329 1561000560090474223 0.990090 -0.140111 -0.009477 9.925522 0.139936 0.990013 -0.017096 0.553219 0.011778 0.015600 0.999809 -0.205412 
1561000560190763062 1561000561392443110 0.967674 -0.252110 -0.006867 9.791982 0.252110 0.967698 -0.000825 1.022821 0.006853 -0.000933 0.999976 -0.208356 
1561000561492274203 1561000562790390316 0.956116 -0.292689 0.013267 9.899500 0.292830 0.956110 -0.010251 1.052479 -0.009685 0.013686 0.999859 -0.211047 
1561000562890161907 1561000564194027022 0.951065 -0.308972 0.003316 9.184359 0.308988 0.951042 -0.006678 0.969724 -0.001091 0.007376 0.999972 -0.210875 
1561000564292422880 1561000565596212234 0.965526 -0.260306 -0.000436 9.919372 0.260259 0.965382 -0.017432 0.699796 0.004958 0.016717 0.999848 -0.220482 
1561000565696156552 1561000566795051936 0.999738 -0.022801 -0.002129 9.287252 0.022802 0.999740 0.000278 -0.026754 0.002122 -0.000326 0.999998 -0.165707 
1561000566895247043 1561000567995961317 0.999966 0.008245 0.000128 10.024398 -0.008244 0.999950 -0.005584 -0.122936 -0.000174 0.005583 0.999984 -0.270487 
1561000568094579507 1561000569096626539 0.999672 -0.020652 -0.015171 9.672328 0.020759 0.999760 0.006958 0.155676 0.015023 -0.007270 0.999861 -0.159245 
1561000569196454284 1561000570094702183 0.999175 -0.040569 0.002006 9.224826 0.040581 0.999154 -0.006717 0.081560 -0.001732 0.006793 0.999975 -0.178560 
1561000570197766000 1561000571097485164 0.999998 -0.000036 0.002121 9.732647 0.000044 0.999992 -0.003993 -0.060851 -0.002121 0.003993 0.999990 -0.208567 
1561000571197478096 1561000572089744846 0.999783 0.020808 -0.000352 9.945819 -0.020809 0.999779 -0.002939 -0.134230 0.000290 0.002946 0.999996 -0.242640 
1561000572189810702 1561000573091078349 0.999859 0.016624 -0.002539 9.726696 -0.016647 0.999818 -0.009299 -0.115041 0.002384 0.009340 0.999954 -0.247482 
1561000573189424492 1561000574089592996 0.999933 0.011075 -0.003224 9.548923 -0.011070 0.999937 0.001569 -0.042438 0.003242 -0.001533 0.999994 -0.175283 
1561000574189671158 1561000575189703149 0.999997 0.001395 0.001817 10.053269 -0.001402 0.999991 0.003913 -0.036154 -0.001811 -0.003915 0.999991 -0.277971 
1561000575289594823 1561000576489072627 0.999998 0.000131 -0.001789 9.985923 -0.000134 0.999998 -0.001914 -0.027096 0.001789 0.001914 0.999997 -0.268288 
1561000576590285464 1561000577889779812 0.999978 0.006576 0.001134 9.505495 -0.006601 0.999704 0.023435 0.002407 -0.000980 -0.023442 0.999725 -0.242652 
1561000577988828071 1561000579390907801 0.999994 -0.001880 0.002902 9.496973 0.001940 0.999784 -0.020692 -0.032282 -0.002863 0.020697 0.999782 -0.266076 
1561000579489003722 1561000581591439842 0.998823 0.048196 -0.005453 10.060394 -0.048207 0.998835 -0.001954 -0.426257 0.005352 0.002215 0.999983 -0.276577 
1561000581692095616 1561000584291797695 0.503409 0.863979 0.010890 9.380479 -0.863934 0.503098 0.022589 -3.807138 0.014038 -0.020780 0.999686 -0.167070 
1561000584393507085 1561000586292027036 0.920198 0.391395 0.006816 9.874467 -0.391361 0.920219 -0.005786 -0.867952 -0.008537 0.002657 0.999960 -0.264852 
1561000586394879698 1561000587897574517 0.999388 0.034389 -0.006437 9.874822 -0.034338 0.999379 0.007908 0.000053 0.006705 -0.007682 0.999948 -0.129567 
1561000587997763493 1561000589289985708 0.999996 -0.002175 0.001525 10.012246 0.002170 0.999994 0.002786 -0.021803 -0.001531 -0.002783 0.999995 -0.185856 
1561000589389860093 1561000590490729232 0.999975 0.006939 0.001215 9.444203 -0.006941 0.999975 0.001291 -0.041217 -0.001206 -0.001300 0.999998 -0.180397 
1561000590591511976 1561000591590551220 0.999982 0.004456 -0.004054 9.335489 -0.004472 0.999982 -0.003989 -0.043992 0.004036 0.004007 0.999984 -0.151621 
1561000591690964681 1561000592691324140 0.999991 0.004191 0.000729 9.774913 -0.004195 0.999981 0.004470 -0.031787 -0.000710 -0.004473 0.999990 -0.202239 
1561000592791807316 1561000593792477425 0.999996 0.001192 -0.002693 9.745950 -0.001185 0.999996 0.002501 -0.035691 0.002696 -0.002498 0.999993 -0.200738 
1561000593892040595 1561000594891869615 0.999983 0.003956 0.004308 9.933359 -0.003984 0.999971 0.006439 -0.040382 -0.004283 -0.006456 0.999970 -0.228812 
1561000594990980316 1561000595892065587 0.999814 0.010200 -0.016361 9.212301 -0.010329 0.999916 -0.007850 -0.065163 0.016280 0.008018 0.999835 -0.084809 
1561000595990150738 1561000596892164844 0.999859 0.016020 0.005081 9.510692 -0.016029 0.999870 0.001764 -0.086605 -0.005052 -0.001845 0.999986 -0.226335 
1561000596990465141 1561000597893229101 0.999980 0.003372 0.005409 9.509336 -0.003398 0.999983 0.004708 -0.028477 -0.005393 -0.004726 0.999974 -0.255892 
1561000597992306612 1561000598893089371 0.999996 0.002451 -0.001095 9.188243 -0.002450 0.999996 0.001029 -0.026788 0.001097 -0.001026 0.999999 -0.245331 
1561000598993161654 1561000599993855197 0.999983 -0.004711 -0.003346 9.431121 0.004679 0.999943 -0.009591 -0.007612 0.003391 0.009575 0.999948 -0.213240 
1561000600094276016 1561000601193123745 0.999940 -0.010870 -0.001600 9.742595 0.010891 0.999848 0.013593 0.026339 0.001452 -0.013610 0.999906 -0.242483 
1561000601293046814 1561000602494512324 0.999945 -0.009443 0.004515 9.747517 0.009384 0.999871 0.013064 0.005720 -0.004638 -0.013021 0.999904 -0.266863 
1561000602594928810 1561000604095110796 0.963405 -0.268048 -0.000688 9.511824 0.268030 0.963305 0.014231 1.369825 -0.003152 -0.013895 0.999898 -0.252312 
1561000604193301141 1561000605894029054 0.782495 -0.622424 0.017036 9.522541 0.622645 0.782015 -0.027670 2.163333 0.003900 0.032259 0.999472 -0.199548 
1561000605996036996 1561000607494534347 0.980866 -0.194362 -0.011211 9.890312 0.194076 0.980727 -0.022560 0.333375 0.015379 0.019953 0.999683 -0.181754 
1561000607595918279 1561000608894971204 0.999993 -0.003359 0.001570 9.647426 0.003363 0.999991 -0.002467 -0.027232 -0.001561 0.002472 0.999996 -0.234349 
1561000608995695541 1561000610194680879 0.999988 -0.001973 -0.004395 9.449048 0.001996 0.999984 0.005340 -0.001216 0.004385 -0.005349 0.999976 -0.122201 
1561000610295899200 1561000611395321022 0.999931 -0.002058 0.011585 9.354837 0.002199 0.999924 -0.012107 -0.013147 -0.011559 0.012132 0.999860 -0.215186 
1561000611495012557 1561000612497487221 0.999974 0.002526 0.006780 9.187618 -0.002610 0.999918 0.012524 -0.007464 -0.006748 -0.012541 0.999899 -0.218503 
1561000612597724038 1561000613589390971 0.999955 0.005987 -0.007414 9.808569 -0.005909 0.999927 0.010544 -0.036911 0.007476 -0.010500 0.999917 -0.166348 
1561000613688098779 1561000614589188552 0.999924 0.000923 -0.012303 9.343841 -0.000956 0.999996 -0.002733 -0.023917 0.012300 0.002745 0.999921 -0.153787 
1561000614688157004 1561000615589311876 0.999974 0.000827 0.007169 9.841519 -0.000711 0.999870 -0.016135 -0.060198 -0.007181 0.016130 0.999844 -0.205864 
1561000615689277227 1561000616589434999 0.999996 -0.002725 -0.001140 9.791329 0.002737 0.999935 0.011108 0.020768 0.001109 -0.011111 0.999938 -0.248887 
1561000616689429464 1561000617589153921 0.999374 -0.035102 0.004388 9.449538 0.035041 0.999296 0.013391 0.160248 -0.004855 -0.013229 0.999901 -0.285270 
1561000617688149275 1561000618589167709 0.994442 -0.104458 -0.013178 9.168618 0.104479 0.994527 0.000878 0.365856 0.013014 -0.002250 0.999913 -0.157831 
1561000618688556293 1561000619588975190 0.992075 -0.125373 0.008326 9.142899 0.125348 0.992107 0.003508 0.375907 -0.008700 -0.002436 0.999959 -0.198601 
1561000619687911649 1561000620589591581 0.999618 -0.027309 0.004180 9.235717 0.027355 0.999561 -0.011348 -0.029704 -0.003868 0.011458 0.999927 -0.204677 
1561000620688437470 1561000621589387779 0.999961 0.008349 0.002905 9.302652 -0.008391 0.999855 0.014793 -0.036011 -0.002781 -0.014817 0.999886 -0.223072 
1561000621689359055 1561000622589355640 0.999999 0.000719 -0.001387 9.267352 -0.000730 0.999973 -0.007352 -0.037637 0.001382 0.007353 0.999972 -0.241767 
1561000622688276814 1561000623688517993 0.999908 -0.012122 -0.006102 10.081656 0.012074 0.999897 -0.007798 0.041398 0.006196 0.007723 0.999951 -0.214868 
1561000623790722703 1561000624789952155 0.992958 -0.118243 0.007294 9.633639 0.118324 0.992902 -0.012024 0.444241 -0.005821 0.012803 0.999901 -0.231712 
1561000624889183995 1561000625890158384 0.991296 -0.131458 -0.007120 9.270477 0.131261 0.991073 -0.023324 0.342674 0.010123 0.022186 0.999703 -0.206684 
1561000625990035027 1561000627091301584 0.993808 -0.111111 0.000063 9.646955 0.111110 0.993804 0.002710 0.411603 -0.000364 -0.002686 0.999996 -0.212171 
1561000627190646723 1561000628389955135 0.985513 -0.169586 -0.002052 9.883135 0.169583 0.985515 -0.001193 0.600879 0.002224 0.000828 0.999997 -0.200930 
1561000628491547262 1561000629694884488 0.992443 -0.122702 -0.000535 9.540170 0.122699 0.992433 -0.004722 0.323769 0.001111 0.004621 0.999989 -0.188011 
1561000629794420298 1561000630994351274 0.989569 -0.143612 -0.011309 9.670844 0.143504 0.989600 -0.009895 0.515001 0.012612 0.008169 0.999887 -0.259691 
1561000631093429770 1561000632193293932 0.987853 -0.155157 -0.008494 9.318260 0.155230 0.987840 0.008656 0.499336 0.007048 -0.009869 0.999926 -0.187308 
1561000632294002422 1561000633392528018 0.996403 -0.084550 0.005703 9.809863 0.084622 0.996317 -0.013844 0.217311 -0.004512 0.014276 0.999888 -0.294612 
1561000633493539304 1561000634495526375 0.996358 -0.082447 -0.021734 9.088635 0.082543 0.996581 0.003563 0.255075 0.021366 -0.005344 0.999757 -0.169472 
1561000634594697071 1561000635588765029 0.992897 -0.118979 0.000017 9.251466 0.118970 0.992825 0.011990 0.411711 -0.001443 -0.011903 0.999928 -0.171772 
1561000635688190721 1561000636689225757 0.991438 -0.130555 0.002474 9.456536 0.130578 0.991310 -0.015962 0.382276 -0.000368 0.016148 0.999870 -0.191549 
1561000636789267948 1561000637789288022 0.995682 -0.092186 0.010891 9.540819 0.092269 0.995706 -0.007438 0.236193 -0.010158 0.008410 0.999913 -0.279768 
1561000637888147360 1561000638989275935 0.998425 -0.055867 0.005073 9.923633 0.055858 0.998437 0.001967 0.172492 -0.005175 -0.001681 0.999985 -0.307994 
1561000639088366299 1561000640388106643 0.993275 -0.115750 0.002704 9.959915 0.115735 0.993268 0.004970 0.557807 -0.003261 -0.004624 0.999984 -0.356429 
1561000640489099883 1561000641790093836 0.954331 -0.287969 0.079544 9.449781 0.287458 0.957623 0.018047 0.868372 -0.081370 0.005643 0.996668 -0.426384 
1561000641888144600 1561000643088090956 0.993465 -0.110232 -0.029595 9.803968 0.109866 0.993852 -0.013713 0.206921 0.030925 0.010372 0.999468 -0.110065 
1561000643189149957 1561000644289422376 0.997892 -0.051405 -0.039610 9.237921 0.049805 0.997942 -0.040382 0.105045 0.041604 0.038324 0.998399 -0.147236 
1561000644389388493 1561000645588050800 0.993887 -0.109588 0.013380 9.924534 0.109803 0.993816 -0.016544 0.372120 -0.011484 0.017912 0.999774 -0.302925 
1561000645689796616 1561000646889966359 0.988491 -0.151180 -0.005473 9.764709 0.151196 0.988500 0.002626 0.586124 0.005013 -0.003423 0.999982 -0.152583 
1561000646989899775 1561000648195348039 0.957252 -0.289121 -0.008823 9.614332 0.289230 0.957129 0.015820 1.107319 0.003871 -0.017696 0.999836 -0.264811 
1561000648296398596 1561000649387894073 0.981434 -0.191520 0.010396 9.369133 0.191658 0.981354 -0.014562 0.399815 -0.007413 0.016284 0.999840 -0.216545 
1561000649489158804 1561000650589079793 0.999993 -0.000293 -0.003770 9.529508 0.000314 0.999984 0.005619 -0.050561 0.003769 -0.005620 0.999977 -0.198703 
1561000650689194224 1561000651989067164 0.998519 0.054130 -0.005514 10.043365 -0.054205 0.998423 -0.014629 -0.312953 0.004714 0.014906 0.999878 -0.244905 
1561000652087927149 1561000653489094410 0.915255 0.402636 0.013863 9.815099 -0.402411 0.915311 -0.016479 -1.844403 -0.019324 0.009503 0.999768 -0.345856 
1561000653588308617 1561000654989800390 0.809044 0.587633 0.011620 9.504171 -0.587713 0.808622 0.026913 -2.206601 0.006419 -0.028603 0.999570 -0.234027 
1561000655087967692 1561000656388111203 0.945194 0.326295 0.011826 9.579673 -0.326368 0.945231 0.004811 -0.861908 -0.009609 -0.008407 0.999918 -0.249000 
1561000656489852656 1561000657690345378 0.998217 0.059686 -0.000789 9.631449 -0.059683 0.998211 0.003509 -0.121706 0.000997 -0.003456 0.999994 -0.160047 
1561000657788690240 1561000658891275779 0.999760 0.021763 0.002358 9.484460 -0.021746 0.999740 -0.006839 -0.144401 -0.002506 0.006786 0.999974 -0.214428 
1561000658991254419 1561000660289643647 0.999881 -0.007933 0.013202 9.991057 0.007687 0.999798 0.018586 0.045238 -0.013347 -0.018482 0.999740 -0.342500 
1561000660390973628 1561000667793643449 0.979591 0.199671 -0.023069 10.143464 -0.199120 0.979678 0.024141 -1.486645 0.027420 -0.019055 0.999442 -0.086189 
1561000667895105436 1561000670696518567 0.576925 0.816786 -0.004354 9.084844 -0.816755 0.576832 -0.013279 -2.708683 -0.008335 0.011217 0.999902 -0.241127 
1561000670795475703 1561000672488556506 0.961671 0.268894 0.053705 9.991506 -0.269858 0.962832 0.011447 -0.288092 -0.048631 -0.025502 0.998491 -0.600171 
1561000672588603254 1561000673888383771 0.998224 -0.051469 -0.029997 9.457085 0.051140 0.998623 -0.011658 0.128986 0.030555 0.010103 0.999482 -0.183609 
1561000673987137670 1561000675088646903 0.995199 -0.097564 -0.007742 9.182895 0.097571 0.995228 0.000480 0.268569 0.007658 -0.001233 0.999970 -0.138113 
1561000675188734601 1561000676287457214 0.992242 -0.124136 -0.006758 9.768523 0.124143 0.992264 0.000579 0.347275 0.006634 -0.001413 0.999977 -0.186416 
1561000676388429129 1561000677488576970 0.994412 -0.105498 0.003818 9.741187 0.105500 0.994419 -0.000159 0.368066 -0.003780 0.000561 0.999993 -0.232425 
1561000677588731860 1561000678689149932 0.993552 -0.113368 -0.001452 9.696961 0.113362 0.993547 -0.003674 0.367567 0.001859 0.003486 0.999992 -0.222872 
1561000678787875731 1561000679888634965 0.994838 -0.098615 -0.023907 9.638640 0.099260 0.994683 0.027448 0.315784 0.021073 -0.029679 0.999337 -0.068070 
1561000679987598014 1561000681088707125 0.995586 -0.093392 0.009267 9.692272 0.093528 0.995494 -0.015642 0.251495 -0.007765 0.016440 0.999835 -0.169020 
1561000681188614468 1561000682288105182 0.993882 -0.110404 -0.003126 9.668554 0.110379 0.993864 -0.007090 0.398725 0.003889 0.006702 0.999970 -0.201693 
1561000682388340986 1561000683487489475 0.994689 -0.102922 -0.000716 9.818012 0.102924 0.994628 0.011027 0.344549 -0.000423 -0.011042 0.999939 -0.193617 
1561000683588405751 1561000684688871927 0.992330 -0.123389 -0.007461 9.953753 0.123242 0.992218 -0.017744 0.425392 0.009593 0.016689 0.999815 -0.166152 
1561000684787717098 1561000685787412303 0.991966 -0.126441 0.003921 9.229204 0.126434 0.991973 0.001987 0.408016 -0.004141 -0.001475 0.999990 -0.215900 
1561000685888466529 1561000686888478097 0.993575 -0.113137 -0.002974 9.486872 0.113149 0.993569 0.004185 0.358742 0.002482 -0.004495 0.999987 -0.194583 
1561000686987594008 1561000687987977113 0.998558 -0.053573 -0.003430 9.840404 0.053496 0.998377 -0.019534 0.087579 0.004471 0.019323 0.999803 -0.187820 
1561000688089933132 1561000688989842174 0.999996 -0.001899 0.001870 9.165529 0.001891 0.999990 0.003967 -0.045414 -0.001878 -0.003964 0.999990 -0.214327 
1561000689091430256 1561000689988769562 0.999957 0.008749 0.003117 9.474464 -0.008785 0.999893 0.011704 -0.025376 -0.003014 -0.011731 0.999927 -0.232665 
1561000690089918269 1561000690990818194 0.999842 -0.013977 -0.010954 9.774041 0.013968 0.999902 -0.000881 0.048721 0.010966 0.000728 0.999940 -0.133746 
1561000691092083417 1561000691893555872 0.999977 0.005082 -0.004551 8.928284 -0.005083 0.999987 -0.000205 -0.064201 0.004550 0.000228 0.999990 -0.161783 
1561000691992355443 1561000692792280950 0.999989 0.004753 0.000508 9.083105 -0.004747 0.999939 -0.010001 -0.040822 -0.000556 0.009998 0.999950 -0.185739 
1561000692893670365 1561000693693884524 0.999992 0.001304 -0.003778 9.280104 -0.001292 0.999994 0.003176 -0.028571 0.003782 -0.003171 0.999988 -0.186564 
1561000693792488698 1561000694595165282 0.999979 -0.006099 0.002282 9.326939 0.006095 0.999980 0.001842 -0.015151 -0.002293 -0.001829 0.999996 -0.237241 
1561000694695244851 1561000695493827732 0.999988 -0.004606 0.001743 9.108396 0.004610 0.999986 -0.002742 -0.004446 -0.001731 0.002750 0.999995 -0.219494 
1561000695594941468 1561000696493858997 0.999953 0.004200 -0.008772 9.574240 -0.004202 0.999991 -0.000312 -0.045886 0.008771 0.000349 0.999961 -0.220961 
1561000696595229164 1561000697594832816 0.999978 0.001775 0.006454 9.955131 -0.001805 0.999987 0.004715 -0.016648 -0.006446 -0.004727 0.999968 -0.300935 
1561000697694792092 1561000698995206037 0.999919 0.000782 -0.012667 9.951822 -0.000843 0.999988 -0.004833 -0.024303 0.012663 0.004844 0.999908 -0.218013 
1561000699096710839 1561000700588360394 0.999989 -0.003371 0.003272 9.933725 0.003341 0.999951 0.009372 0.001848 -0.003304 -0.009361 0.999951 -0.238993 
1561000700688216531 1561000701987603737 0.999907 0.005657 -0.012437 9.463591 -0.005727 0.999968 -0.005554 -0.082727 0.012405 0.005625 0.999907 -0.173398 
1561000702089330914 1561000703389641200 0.999770 0.021446 0.000747 9.881026 -0.021429 0.999602 -0.018333 -0.100859 -0.001139 0.018312 0.999832 -0.239338 
1561000703488070150 1561000704889402477 0.999684 -0.001315 0.025103 9.436998 0.000832 0.999815 0.019231 -0.004392 -0.025124 -0.019204 0.999500 -0.504429 
1561000704987589562 1561000706389716689 0.998324 0.001138 -0.057857 9.968176 -0.000585 0.999954 0.009572 -0.020938 0.057865 -0.009522 0.998279 -0.213502 
1561000706487963747 1561000707691206047 0.999989 -0.001327 -0.004470 9.466656 0.001364 0.999964 0.008392 0.000979 0.004458 -0.008398 0.999955 -0.170463 
1561000707792541427 1561000708991273891 0.999958 -0.001598 0.008971 9.494423 0.001748 0.999859 -0.016710 -0.044723 -0.008943 0.016725 0.999820 -0.296041 
1561000709092861256 1561000710693742201 0.999877 -0.005499 -0.014666 10.040847 0.005472 0.999983 -0.001911 -0.001658 0.014676 0.001831 0.999891 -0.179558 
1561000710794870460 1561000712288881338 0.999027 -0.004812 -0.043849 9.634879 0.005717 0.999773 0.020517 0.003093 0.043740 -0.020748 0.998827 -0.194131 
1561000712389434159 1561000713688013731 0.999928 -0.011917 0.000988 9.425394 0.011933 0.999784 -0.017017 -0.007165 -0.000785 0.017027 0.999855 -0.186043 
1561000713788171525 1561000714987429549 0.998334 -0.057407 -0.005778 9.601489 0.057439 0.998333 0.005572 0.237640 0.005448 -0.005895 0.999968 -0.161458 
1561000715089117022 1561000716188875400 0.990399 -0.138140 -0.005224 9.572887 0.138168 0.990394 0.005382 0.449037 0.004430 -0.006052 0.999972 -0.154738 
1561000716290839643 1561000717291958309 0.991604 -0.129311 0.000587 9.279070 0.129309 0.991536 -0.011661 0.358471 0.000926 0.011639 0.999932 -0.176715 
1561000717393489770 1561000718394671796 0.996887 -0.078820 0.001665 9.821130 0.078813 0.996882 0.003867 0.224338 -0.001964 -0.003723 0.999991 -0.218416 
1561000718494875864 1561000719494904440 0.999432 -0.033555 -0.003036 9.937105 0.033553 0.999437 -0.000653 0.088865 0.003056 0.000551 0.999995 -0.202349 
1561000719594895600 1561000720594864737 0.999912 0.012837 0.003279 9.783211 -0.012819 0.999904 -0.005216 -0.094122 -0.003346 0.005173 0.999981 -0.271610 
1561000720693451998 1561000721693491277 0.999712 0.023724 -0.003700 9.418684 -0.023740 0.999709 -0.004370 -0.141215 0.003595 0.004457 0.999984 -0.203031 
1561000721794883443 1561000722894897954 0.995501 0.094309 0.009177 9.874693 -0.094278 0.995539 -0.003731 -0.426600 -0.009488 0.002849 0.999951 -0.331211 
1561000722994863781 1561000724288298347 0.991369 0.131100 -0.000707 9.973497 -0.131070 0.991234 0.016608 -0.456776 0.002878 -0.016372 0.999862 -0.265958 
1561000724388284296 1561000725986934630 0.993291 0.114427 0.016687 10.024299 -0.114178 0.993344 -0.015219 -0.411412 -0.018318 0.013212 0.999745 -0.460771 
1561000726088121083 1561000727886795285 0.996583 -0.078045 -0.027062 9.699585 0.078449 0.996817 0.014216 0.662054 0.025866 -0.016291 0.999533 -0.219233 
1561000727986830723 1561000730087819572 0.769305 -0.638844 0.006906 9.297926 0.638881 0.769247 -0.009448 2.701134 0.000724 0.011680 0.999932 -0.280455 
1561000730187564403 1561000731987723392 0.853169 -0.521584 -0.007237 9.561610 0.520894 0.852615 -0.041423 0.986105 0.027776 0.031571 0.999115 -0.100008 
1561000732087670147 1561000733486742273 0.998555 -0.053583 0.004069 9.410672 0.053589 0.998562 -0.001243 0.053747 -0.003996 0.001459 0.999991 -0.168931 
1561000733589083819 1561000734787616703 0.999971 0.003075 -0.006937 9.412166 -0.003046 0.999987 0.004086 -0.031791 0.006950 -0.004065 0.999968 -0.154966 
1561000734886663696 1561000735988634655 0.999911 0.011243 0.007118 9.683510 -0.011245 0.999937 0.000189 -0.063823 -0.007116 -0.000269 0.999975 -0.224400 
1561000736088836524 1561000737090381672 0.999987 0.005080 -0.001090 9.328196 -0.005078 0.999985 0.002073 -0.034068 0.001101 -0.002067 0.999997 -0.208597 
1561000737188851161 1561000738188296048 0.999996 -0.001280 -0.002591 9.434711 0.001275 0.999997 -0.002098 -0.001740 0.002594 0.002094 0.999994 -0.205034 
1561000738290178242 1561000739291332157 0.999980 -0.002222 0.005905 9.562729 0.002213 0.999996 0.001512 -0.016635 -0.005909 -0.001499 0.999981 -0.238220 
1561000739390038829 1561000740389815888 0.999958 -0.000567 -0.009164 9.659073 0.000551 0.999998 -0.001650 -0.018983 0.009165 0.001645 0.999957 -0.152197 
1561000740491454435 1561000741492547421 0.999936 0.000990 0.011261 9.775312 -0.000970 0.999998 -0.001736 -0.035989 -0.011262 0.001724 0.999935 -0.264324 
1561000741592366541 1561000742592558775 0.999980 0.000655 -0.006337 9.494996 -0.000607 0.999972 0.007467 -0.019447 0.006342 -0.007463 0.999952 -0.247128 
1561000742692409527 1561000743693572124 0.999890 -0.004122 -0.014249 9.223713 0.004147 0.999990 0.001695 0.000383 0.014242 -0.001754 0.999897 -0.078178 
1561000743794346983 1561000744794176704 0.999862 -0.008934 0.013973 9.228185 0.008877 0.999952 0.004145 0.015742 -0.014009 -0.004020 0.999894 -0.231717 
1561000744893265994 1561000745892760690 0.999653 -0.022382 0.013904 9.547850 0.022465 0.999731 -0.005804 0.061149 -0.013770 0.006114 0.999886 -0.214942 
1561000745994330003 1561000746995283002 0.999424 -0.032470 -0.009908 9.947222 0.032557 0.999432 0.008748 0.102316 0.009619 -0.009065 0.999913 -0.120888 
1561000747095332662 1561000747995278489 0.999680 -0.022507 -0.011558 9.314434 0.022483 0.999745 -0.002214 0.041121 0.011605 0.001954 0.999931 -0.127804 
1561000748094238866 1561000748994474461 0.999899 -0.005845 0.012947 9.670658 0.005907 0.999971 -0.004759 -0.036290 -0.012919 0.004835 0.999905 -0.226562 
1561000749095649347 1561000749995312101 0.999980 0.005603 -0.002976 9.753130 -0.005598 0.999983 0.001562 -0.049323 0.002985 -0.001546 0.999994 -0.188680 
1561000750094726814 1561000750995337522 0.999995 -0.002390 -0.002292 9.471715 0.002391 0.999997 0.000553 -0.010364 0.002291 -0.000558 0.999997 -0.201060 
1561000751095414110 1561000751995483708 0.999992 -0.002871 0.002820 9.123566 0.002877 0.999994 -0.002099 -0.026360 -0.002814 0.002107 0.999994 -0.252499 
1561000752094654803 1561000753094207025 0.999989 -0.001238 -0.004570 9.802745 0.001246 0.999998 0.001775 -0.024714 0.004568 -0.001780 0.999988 -0.235548 
1561000753195275960 1561000754194218125 0.999623 0.010136 -0.025525 9.562452 -0.010202 0.999945 -0.002445 -0.063987 0.025498 0.002705 0.999671 -0.073166 
1561000754295329534 1561000755288732887 0.999993 0.003619 -0.000528 9.535525 -0.003617 0.999980 0.005103 -0.010158 0.000547 -0.005101 0.999987 -0.200615 
1561000755386167558 1561000756386412554 0.999950 -0.009506 0.003019 9.526770 0.009509 0.999954 -0.001179 -0.006601 -0.003008 0.001208 0.999995 -0.262165 
1561000756487496701 1561000757487453293 0.999974 0.004024 -0.005932 9.349939 -0.004022 0.999992 0.000347 -0.030526 0.005933 -0.000324 0.999982 -0.188687 
1561000757587337269 1561000758688286148 0.999933 0.008628 -0.007712 10.008539 -0.008636 0.999962 -0.001025 -0.069047 0.007703 0.001091 0.999970 -0.136235 
1561000758789231499 1561000759789196209 0.999667 -0.002661 0.025669 9.220358 0.002423 0.999954 0.009317 -0.000205 -0.025692 -0.009251 0.999627 -0.226040 
1561000759887532847 1561000760990465680 0.999900 -0.007855 -0.011775 10.066123 0.007796 0.999957 -0.005058 0.007126 0.011814 0.004966 0.999918 -0.154144 
1561000761088968598 1561000762289743052 0.999984 -0.004727 0.003185 9.860611 0.004742 0.999978 -0.004694 -0.015667 -0.003162 0.004709 0.999984 -0.253966 
1561000762387994594 1561000763687936816 0.999239 0.009999 0.037695 9.314002 -0.009622 0.999902 -0.010177 -0.087967 -0.037793 0.009806 0.999237 -0.666996 
1561000763789735263 1561000765088940619 0.998733 0.026392 -0.042841 9.492894 -0.026029 0.999620 0.009026 -0.079150 0.043063 -0.007899 0.999041 -0.167872 
1561000765189948028 1561000766391047637 0.999903 0.013832 0.001676 9.446618 -0.013836 0.999901 0.002562 -0.044393 -0.001640 -0.002585 0.999995 -0.163503 
1561000766491319103 1561000767590742325 0.999834 0.016484 -0.007815 9.191552 -0.016480 0.999864 0.000500 -0.063404 0.007822 -0.000371 0.999969 -0.109542 
1561000767692031676 1561000768795241937 0.999913 0.012782 0.003175 9.354388 -0.012783 0.999918 0.000262 -0.045841 -0.003172 -0.000303 0.999995 -0.238178 
1561000768894323939 1561000770086282522 0.998470 0.014328 0.053411 9.776651 -0.014455 0.999894 0.001994 -0.087571 -0.053376 -0.002763 0.998571 -0.843738 
1561000770186225818 1561000771387103000 0.999001 0.018080 -0.040858 9.848624 -0.017769 0.999810 0.007963 -0.049313 0.040994 -0.007229 0.999133 -0.268177 
1561000771487852244 1561000772585962725 0.999869 0.009204 -0.013327 9.442311 -0.009235 0.999955 -0.002274 -0.042996 0.013306 0.002397 0.999909 -0.154144 
1561000772687943295 1561000773790565141 0.999996 0.002774 0.000687 9.772144 -0.002776 0.999992 0.002795 0.008634 -0.000679 -0.002797 0.999996 -0.212012 
1561000773889525363 1561000774990666307 0.999982 0.004257 -0.004331 9.863356 -0.004266 0.999989 -0.002109 -0.024308 0.004322 0.002127 0.999988 -0.210682 
1561000775089098195 1561000776190580251 0.999844 0.001551 -0.017622 9.638422 -0.001596 0.999995 -0.002581 -0.017666 0.017618 0.002608 0.999841 -0.053094 
1561000776291985141 1561000777392535701 0.998843 0.009816 0.047067 9.625592 -0.009709 0.999950 -0.002514 -0.044438 -0.047090 0.002054 0.998889 -0.211417 
1561000777493455787 1561000778593527465 0.999676 0.009813 -0.023502 9.813955 -0.009836 0.999951 -0.000838 -0.039880 0.023492 0.001069 0.999723 -0.142586 
1561000778694808233 1561000779787026286 0.999837 0.016558 0.007265 9.710528 -0.016533 0.999857 -0.003580 -0.091052 -0.007324 0.003459 0.999967 -0.259345 
1561000779885753805 1561000781085805758 0.999589 0.027629 0.007588 9.926920 -0.027625 0.999618 -0.000575 -0.134022 -0.007601 0.000365 0.999971 -0.378763 
1561000781187957557 1561000782392405364 0.999428 0.024317 -0.023497 9.616334 -0.024315 0.999704 0.000339 -0.098364 0.023499 0.000233 0.999724 -0.205451 
1561000782492164522 1561000783792959707 0.999996 0.002552 -0.000803 9.980276 -0.002547 0.999974 0.006761 0.028598 0.000820 -0.006759 0.999977 -0.267260 
1561000783893682992 1561000785294337745 0.999314 0.009353 -0.035841 9.964511 -0.009742 0.999895 -0.010688 -0.107993 0.035737 0.011030 0.999300 0.075236 
1561000785395266711 1561000786794126864 0.997872 0.031283 0.057215 9.600057 -0.031679 0.999480 0.006034 -0.107884 -0.056997 -0.007833 0.998344 -0.252258 
1561000786887006419 1561000788288352124 0.999745 0.021957 -0.005258 9.622637 -0.021941 0.999755 0.003020 -0.092888 0.005323 -0.002903 0.999982 -0.236219 
1561000788389231905 1561000789791272526 0.999890 0.009629 -0.011287 9.651025 -0.009563 0.999937 0.005872 -0.043475 0.011343 -0.005763 0.999919 -0.110073 
1561000789892036451 1561000791292419770 0.999350 0.021583 0.028862 9.873085 -0.021371 0.999743 -0.007628 -0.111656 -0.029020 0.007006 0.999554 -0.210405 
1561000791393535232 1561000792686943278 0.999694 0.022264 -0.010778 9.656217 -0.022212 0.999741 0.004854 -0.084207 0.010883 -0.004613 0.999930 -0.156793 
1561000792786168098 1561000793987044462 0.999789 0.018924 0.007967 9.392656 -0.018909 0.999819 -0.001913 -0.094160 -0.008002 0.001762 0.999966 -0.212244 
1561000794087216611 1561000795286227359 0.999778 0.020017 0.006615 9.402781 -0.020012 0.999799 -0.000823 -0.084744 -0.006630 0.000690 0.999978 -0.271275 
1561000795386902899 1561000796786038342 0.999761 0.012758 -0.017749 9.981028 -0.012653 0.999902 0.006045 -0.064972 0.017825 -0.005819 0.999824 -0.118374 
1561000796887220050 1561000798487316760 0.999598 0.011396 -0.025977 9.905820 -0.011618 0.999897 -0.008416 -0.074622 0.025878 0.008714 0.999627 -0.004507 
1561000798586837238 1561000800687401262 0.999771 0.016686 0.013369 10.112460 -0.016702 0.999860 0.001115 -0.086143 -0.013349 -0.001338 0.999910 -0.177128 
1561000800786190451 1561000803586125628 0.995322 -0.096611 -0.000251 9.704233 0.096608 0.995272 0.010053 0.625327 -0.000722 -0.010030 0.999949 -0.268299 
1561000803685978431 1561000806389113323 0.628539 -0.777671 0.012901 9.007899 0.777766 0.628352 -0.015934 3.396801 0.004285 0.020050 0.999790 -0.243875 
1561000806488426167 1561000808490646851 0.732090 -0.681196 0.004053 9.822841 0.680923 0.731598 -0.033297 1.552765 0.019717 0.027136 0.999437 -0.313940 
1561000808588928327 1561000810090791947 0.997072 -0.068426 -0.034136 9.854092 0.068481 0.997652 0.000435 0.099654 0.034026 -0.002771 0.999417 -0.179144 
1561000810191959181 1561000811387000637 0.999974 0.006940 0.001940 9.295357 -0.006910 0.999861 -0.015184 -0.081765 -0.002046 0.015170 0.999883 -0.193291 
1561000811486945121 1561000812587155882 0.999592 0.026672 -0.010187 9.483321 -0.026792 0.999571 -0.011798 -0.104695 0.009868 0.012066 0.999879 -0.157368 
1561000812687018285 1561000813687690329 0.999977 0.005182 0.004319 9.233909 -0.005112 0.999858 -0.016070 -0.061070 -0.004401 0.016048 0.999862 -0.202843 
1561000813786014644 1561000814786435822 0.999930 -0.003156 0.011447 9.284946 0.002943 0.999824 0.018545 0.005203 -0.011503 -0.018510 0.999762 -0.248373 
1561000814887263603 1561000816086070664 0.999863 0.005523 -0.015606 9.956161 -0.005444 0.999972 0.005089 -0.042184 0.015634 -0.005003 0.999865 -0.156791 
1561000816187840001 1561000817487856417 0.999910 0.003951 0.012803 9.665339 -0.003925 0.999990 -0.002063 -0.055224 -0.012811 0.002013 0.999916 -0.291435 
1561000817585860505 1561000818888694446 0.999247 -0.002017 -0.038755 9.724255 0.002156 0.999991 0.003541 -0.036032 0.038748 -0.003622 0.999242 -0.214861 
1561000818988563009 1561000820190764527 0.999993 0.003755 -0.000315 9.425077 -0.003756 0.999989 -0.002668 -0.036329 0.000305 0.002669 0.999996 -0.200879 
1561000820288868487 1561000821489368595 0.999613 -0.000278 0.027830 9.862035 -0.000165 0.999874 0.015890 -0.009616 -0.027831 -0.015888 0.999486 -0.545294 
1561000821589391432 1561000822790089792 0.999789 0.004405 0.020085 9.823745 -0.003626 0.999247 -0.038640 -0.106973 -0.020240 0.038559 0.999051 -0.291050 
1561000822891498050 1561000824292559831 0.999989 0.000209 0.004676 9.660121 -0.000122 0.999828 -0.018572 -0.044648 -0.004679 0.018571 0.999817 -0.263241 
1561000824393345335 1561000825888186270 0.992025 -0.125017 -0.016019 9.943427 0.124865 0.992122 -0.010136 0.606232 0.017160 0.008055 0.999820 -0.175817 
1561000825986328062 1561000827486198060 0.912928 -0.407099 -0.028863 9.624540 0.407284 0.913301 0.000596 1.488606 0.026118 -0.012299 0.999583 -0.108202 
1561000827586244694 1561000828987618991 0.947932 -0.317586 -0.023726 9.588885 0.317503 0.948229 -0.007280 0.930485 0.024810 -0.000632 0.999692 -0.130461 
1561000829087201928 1561000830390127192 0.971390 -0.237474 -0.002538 9.672560 0.237488 0.971345 0.009427 0.803504 0.000227 -0.009760 0.999952 -0.179457 
1561000830488904082 1561000831891499849 0.994750 -0.100360 0.020012 9.769570 0.099880 0.994717 0.023698 0.175515 -0.022285 -0.021575 0.999519 -0.470358 
1561000831991911579 1561000833292400069 0.999036 0.001334 -0.043886 9.279557 -0.001560 0.999986 -0.005103 -0.067932 0.043878 0.005166 0.999024 -0.163351 
1561000833392920261 1561000834593197976 0.999965 0.008005 -0.002373 9.610407 -0.007994 0.999958 0.004480 -0.038522 0.002409 -0.004461 0.999987 -0.203086 
1561000834693250354 1561000835792996154 0.999982 0.005929 -0.000282 9.754454 -0.005930 0.999980 -0.002135 -0.045808 0.000270 0.002137 0.999998 -0.175948 
1561000835892753576 1561000836893064697 0.999975 0.006913 0.001216 9.644090 -0.006906 0.999960 -0.005675 -0.055475 -0.001255 0.005666 0.999983 -0.193766 
1561000836991664308 1561000837993215723 0.999145 0.040499 -0.008290 10.007026 -0.040557 0.999152 -0.007029 -0.210823 0.007999 0.007359 0.999941 -0.187353 
1561000838086469657 1561000839085342698 0.998851 0.047811 0.003274 9.942980 -0.047849 0.998770 0.012999 -0.160598 -0.002648 -0.013141 0.999910 -0.218001 
1561000839187211938 1561000840187575395 0.998459 0.055300 -0.004671 9.947747 -0.055277 0.998458 0.005032 -0.207816 0.004942 -0.004766 0.999976 -0.197550 
1561000840287132096 1561000841187939860 0.998921 0.046415 0.001449 9.077484 -0.046418 0.998920 0.002152 -0.163452 -0.001348 -0.002217 0.999997 -0.200730 
1561000841285546079 1561000842190326024 0.998988 0.044926 -0.002306 9.199598 -0.044931 0.998987 -0.002290 -0.152839 0.002201 0.002392 0.999995 -0.188101 
1561000842288832429 1561000843192864774 0.999267 0.038043 -0.004260 9.135730 -0.038052 0.999274 -0.001910 -0.167377 0.004184 0.002070 0.999989 -0.200545 
1561000843292390139 1561000844193531710 0.999340 0.035926 0.005388 9.084286 -0.036014 0.999203 0.017209 -0.084145 -0.004765 -0.017392 0.999837 -0.202864 
1561000844294256659 1561000845286258030 0.999047 0.043636 0.000085 9.947785 -0.043636 0.999047 0.000679 -0.177092 -0.000055 -0.000682 1.000000 -0.246990 
1561000845386320962 1561000846386486181 0.996961 0.077746 -0.004927 9.641105 -0.077783 0.996940 -0.007761 -0.279980 0.004308 0.008120 0.999958 -0.203907 
1561000846485333638 1561000847686522066 0.998128 0.060345 0.009933 9.948983 -0.060474 0.998081 0.013295 -0.157286 -0.009111 -0.013871 0.999862 -0.366198 
1561000847785466880 1561000849186260241 0.999325 0.036494 0.004296 9.455366 -0.036576 0.999114 0.020818 -0.104332 -0.003533 -0.020962 0.999774 -0.357370 
1561000849287265915 1561000850686909154 0.995780 0.076024 -0.051407 9.850707 -0.077336 0.996716 -0.024023 -0.338817 0.049412 0.027897 0.998389 -0.145061 
1561000850785684655 1561000851990006262 0.999982 0.004826 -0.003432 9.365629 -0.004748 0.999738 0.022400 0.063121 0.003539 -0.022384 0.999743 -0.172474 
1561000852091747640 1561000853192949567 0.999848 0.010019 0.014293 9.380247 -0.009942 0.999936 -0.005443 -0.112178 -0.014347 0.005300 0.999883 -0.268465 
1561000853295572507 1561000854293307913 0.999044 0.043259 -0.006279 9.209733 -0.043360 0.998916 -0.016926 -0.189367 0.005540 0.017182 0.999837 -0.128306 
1561000854394095592 1561000855394229705 0.998962 0.045541 0.000694 9.830985 -0.045546 0.998816 0.017098 -0.180039 0.000086 -0.017112 0.999854 -0.231135 
1561000855493093854 1561000856386654047 0.998709 0.050752 0.002135 9.214119 -0.050757 0.998709 0.002081 -0.190599 -0.002026 -0.002187 0.999996 -0.201203 
1561000856486753689 1561000857387345621 0.998666 0.050763 -0.009430 9.160099 -0.050793 0.998705 -0.002954 -0.174582 0.009268 0.003429 0.999951 -0.153647 
1561000857485401966 1561000858386300642 0.998820 0.048439 0.003447 9.120342 -0.048406 0.998788 -0.008901 -0.171716 -0.003874 0.008723 0.999954 -0.271879 
1561000858485055916 1561000859386331443 0.998945 0.045135 -0.008412 9.137852 -0.045100 0.998973 0.004279 -0.144761 0.008597 -0.003895 0.999955 -0.101614 
1561000859485122339 1561000860387226071 0.999365 0.035626 -0.000755 9.197087 -0.035630 0.999340 -0.007099 -0.174094 0.000502 0.007121 0.999975 -0.234000 
1561000860485242584 1561000861388399703 0.998310 0.058007 -0.003369 9.211914 -0.057990 0.998305 0.005004 -0.239651 0.003654 -0.004800 0.999982 -0.165143 
1561000861486948072 1561000862388269566 0.995571 0.093409 0.010602 9.311376 -0.093440 0.995622 0.002466 -0.343714 -0.010326 -0.003446 0.999941 -0.238382 
1561000862488193374 1561000863389791460 0.996854 0.079213 -0.002767 9.398203 -0.079169 0.996770 0.013502 -0.253750 0.003828 -0.013241 0.999905 -0.298911 
1561000863488247146 1561000864389504109 0.999791 0.019949 -0.004554 9.450614 -0.019847 0.999574 0.021381 -0.046096 0.004979 -0.021286 0.999761 -0.197990 
1561000864487970862 1561000865490374384 0.999647 -0.022016 -0.014870 9.998977 0.021845 0.999694 -0.011622 0.073354 0.015122 0.011293 0.999822 -0.139167 
1561000865591106965 1561000866591423409 0.998407 -0.055410 -0.010678 9.481301 0.055642 0.998190 0.022823 0.292249 0.009394 -0.023381 0.999682 -0.135697 
1561000866691462377 1561000867791201640 0.993901 -0.109482 0.013236 9.924289 0.109590 0.993947 -0.007754 0.406364 -0.012307 0.009158 0.999882 -0.285863 
1561000867892363279 1561000868992595996 0.977889 -0.208957 -0.008380 9.453390 0.208820 0.977842 -0.014803 0.729243 0.011287 0.012726 0.999855 -0.160646 
1561000869092417985 1561000870392344172 0.967607 -0.252461 0.000072 9.666163 0.252448 0.967555 -0.010323 0.901884 0.002536 0.010007 0.999947 -0.202468 
1561000870492326824 1561000871990837604 0.930591 -0.366061 -0.000933 9.724385 0.366059 0.930590 -0.001649 1.371570 0.001472 0.001193 0.999998 -0.248257 
1561000872091921546 1561000873492455057 0.937643 -0.346992 0.020551 9.656115 0.347266 0.937695 -0.011617 0.911389 -0.015240 0.018029 0.999721 -0.180946 
1561000873593667169 1561000874792963252 0.998992 -0.044856 0.001593 9.498179 0.044861 0.998989 -0.002914 -0.004110 -0.001460 0.002982 0.999994 -0.191160 
1561000874893835909 1561000875993114857 0.999965 -0.000049 -0.008392 9.735669 -0.000046 0.999936 -0.011303 -0.099448 0.008392 0.011303 0.999901 -0.165760 
1561000876093847697 1561000877094144433 0.999952 0.009006 -0.003892 9.630857 -0.008983 0.999941 0.006037 0.005389 0.003946 -0.006002 0.999974 -0.151459 
1561000877193130894 1561000878093654059 0.999985 0.005426 -0.000802 9.206473 -0.005430 0.999970 -0.005541 -0.063422 0.000772 0.005546 0.999984 -0.187524 
1561000878185017359 1561000879086344065 0.999996 0.001687 0.002109 9.623745 -0.001697 0.999986 0.004975 -0.015518 -0.002101 -0.004978 0.999985 -0.223645 
1561000879185192321 1561000880086105994 0.999987 -0.005127 0.000542 9.757625 0.005125 0.999981 0.003363 -0.010371 -0.000560 -0.003360 0.999994 -0.222588 
1561000880184831261 1561000881084818170 0.999961 0.004772 -0.007480 9.499202 -0.004873 0.999896 -0.013550 -0.071993 0.007415 0.013586 0.999880 -0.166993 
1561000881184985193 1561000882085684666 0.999861 0.005034 0.015917 9.408355 -0.005103 0.999978 0.004253 -0.030393 -0.015895 -0.004334 0.999864 -0.329052 
1561000882184692652 1561000883185138675 0.999976 0.006696 -0.001480 10.062472 -0.006701 0.999972 -0.003208 -0.043553 0.001459 0.003218 0.999994 -0.293575 
1561000883287143841 1561000884386805979 0.999965 -0.008336 -0.000327 9.656964 0.008340 0.999837 0.016044 0.017901 0.000193 -0.016046 0.999871 -0.296492 
1561000884484713642 1561000885786813757 0.999985 0.001361 -0.005329 9.915132 -0.001371 0.999997 -0.001851 -0.043716 0.005326 0.001858 0.999984 -0.229873 
1561000885888081926 1561000887186514065 0.999919 0.000433 0.012705 9.828994 -0.000408 0.999998 -0.002004 -0.009811 -0.012706 0.001999 0.999917 -0.234975 
1561000887289673384 1561000888490591789 0.999942 -0.006838 -0.008290 9.360046 0.006730 0.999892 -0.013064 0.003116 0.008379 0.013007 0.999880 -0.150424 
1561000888590508902 1561000889784691386 0.999926 0.010638 0.005894 9.600916 -0.010669 0.999929 0.005248 -0.049265 -0.005838 -0.005310 0.999969 -0.243501 
1561000889884907100 1561000891085814714 0.999753 0.008599 -0.020490 9.467445 -0.008606 0.999963 -0.000276 -0.037910 0.020487 0.000452 0.999790 -0.072935 
1561000891184544501 1561000892386086386 0.999113 0.011538 0.040506 9.680193 -0.011455 0.999932 -0.002280 -0.063315 -0.040529 0.001814 0.999177 -0.229579 
1561000892486127715 1561000893585797048 0.999944 0.002059 -0.010415 9.411178 -0.002010 0.999987 0.004711 -0.019549 0.010425 -0.004689 0.999935 -0.176196 
1561000893685594435 1561000894684199840 0.999957 -0.008726 -0.003282 9.118302 0.008739 0.999955 0.003781 0.018712 0.003249 -0.003810 0.999987 -0.152711 
1561000894785492621 1561000895785743351 0.999988 0.004394 -0.002204 9.622488 -0.004388 0.999987 0.002688 -0.027850 0.002216 -0.002678 0.999994 -0.172448 
1561000895886014237 1561000896786543448 0.999992 0.003702 0.001427 9.073732 -0.003706 0.999988 0.003150 -0.011796 -0.001415 -0.003155 0.999994 -0.167416 
1561000896886681185 1561000897786703648 0.999983 -0.005335 -0.002496 9.366275 0.005313 0.999949 -0.008641 0.001484 0.002542 0.008627 0.999960 -0.181881 
1561000897886694712 1561000898785719666 0.999980 0.005249 -0.003469 9.576291 -0.005237 0.999981 0.003264 -0.034664 0.003486 -0.003246 0.999989 -0.183586 
1561000898887354970 1561000899786564709 0.999979 0.006441 0.000699 9.690250 -0.006437 0.999960 -0.006234 -0.039020 -0.000739 0.006229 0.999980 -0.222706 
1561000899887702890 1561000900786806627 0.999985 0.000049 -0.005394 9.645713 0.000031 0.999889 0.014879 -0.012614 0.005394 -0.014879 0.999875 -0.184136 
1561000900888228654 1561000901888189853 0.999991 0.001150 0.003987 9.721288 -0.001118 0.999967 -0.008083 -0.042214 -0.003996 0.008078 0.999959 -0.279777 
1561000901986554902 1561000903188215740 0.999997 0.000212 -0.002578 9.585949 -0.000180 0.999923 0.012447 -0.010920 0.002581 -0.012447 0.999919 -0.286589 
1561000903289740144 1561000904687790730 0.999894 0.006605 0.012973 9.947422 -0.006493 0.999941 -0.008669 -0.064656 -0.013030 0.008584 0.999878 -0.461700 
1561000904789264911 1561000906090049801 0.999551 0.002737 -0.029830 9.425391 -0.002997 0.999958 -0.008672 -0.048067 0.029805 0.008758 0.999517 -0.200237 
1561000906187967748 1561000907489481018 0.999934 -0.010711 -0.004237 9.720917 0.010679 0.999914 -0.007553 -0.003095 0.004318 0.007507 0.999962 -0.199469 
1561000907589342234 1561000908889474720 0.998428 -0.055919 -0.003920 9.892357 0.055930 0.998431 0.002697 0.219218 0.003763 -0.002912 0.999989 -0.173523 
1561000908989305384 1561000910187537618 0.994642 -0.103301 -0.004025 9.631731 0.103161 0.994318 -0.026258 0.281180 0.006715 0.025702 0.999647 -0.173950 
1561000910287709164 1561000911389676308 0.994221 -0.106852 -0.010360 9.387957 0.106912 0.994254 0.005414 0.325324 0.009722 -0.006490 0.999932 -0.119715 
1561000911491090933 1561000912592536474 0.992683 -0.120631 -0.005347 9.927744 0.120672 0.992659 0.008113 0.318091 0.004329 -0.008699 0.999953 -0.216287 
1561000912691112487 1561000913691858939 0.993967 -0.109643 -0.002662 9.433150 0.109628 0.993959 -0.005172 0.326353 0.003213 0.004849 0.999983 -0.174928 
1561000913792098841 1561000914793418101 0.993888 -0.110042 0.008789 9.769770 0.110162 0.993808 -0.014511 0.366216 -0.007138 0.015391 0.999856 -0.256401 
1561000914893198212 1561000915793272252 0.994360 -0.106035 0.002329 9.061275 0.105982 0.994227 0.016735 0.336379 -0.004090 -0.016394 0.999857 -0.300782 
1561000915892035056 1561000916793358263 0.997381 -0.072028 -0.006511 9.066004 0.072009 0.997399 -0.003074 0.206794 0.006716 0.002597 0.999974 -0.200624 
1561000916893529829 1561000917891916884 0.995396 -0.095844 0.000757 9.798238 0.095844 0.995396 0.000740 0.349073 -0.000825 -0.000664 0.999999 -0.263599 
1561000917992984764 1561000918985827208 0.992902 -0.118038 -0.014618 9.558264 0.118019 0.993009 -0.002147 0.406692 0.014769 0.000407 0.999891 -0.127064 
1561000919085566874 1561000920085817429 0.992646 -0.120940 -0.005242 9.523309 0.120824 0.992499 -0.018654 0.363542 0.007459 0.017883 0.999812 -0.195957 
1561000920184380248 1561000921184553972 0.993382 -0.114847 -0.001411 9.692097 0.114856 0.993333 0.009926 0.378849 0.000261 -0.010022 0.999950 -0.194268 
1561000921285598637 1561000922285270153 0.994521 -0.104529 -0.000909 9.988495 0.104521 0.994503 -0.006248 0.343212 0.001558 0.006119 0.999980 -0.196897 
1561000922384356817 1561000923286307211 0.999627 -0.027156 -0.003053 9.265734 0.027129 0.999596 -0.008484 0.020899 0.003282 0.008398 0.999959 -0.195646 
1561000923384108810 1561000924285397777 0.999975 -0.007002 -0.000887 9.541199 0.007012 0.999901 0.012212 0.006720 0.000801 -0.012218 0.999925 -0.181515 
1561000924385472307 1561000925285821694 0.999969 0.000304 0.007857 9.847698 -0.000309 1.000000 0.000603 -0.024169 -0.007857 -0.000606 0.999969 -0.230530 
1561000925385540903 1561000926184487740 0.999942 0.004242 -0.009854 8.956969 -0.004192 0.999978 0.005064 -0.026895 0.009876 -0.005022 0.999939 -0.200981 
1561000926286433123 1561000927184647241 0.999985 -0.005192 0.001464 9.992101 0.005202 0.999961 -0.007109 -0.006918 -0.001427 0.007116 0.999974 -0.260305 
1561000927286462217 1561000928184911940 0.999985 0.004651 -0.003044 9.665348 -0.004669 0.999971 -0.006006 -0.059519 0.003016 0.006021 0.999977 -0.210141 
1561000928286562317 1561000929185882303 0.999991 0.003645 0.001966 9.413485 -0.003634 0.999979 -0.005390 -0.051679 -0.001985 0.005383 0.999984 -0.232633 
1561000929286429613 1561000930189323080 0.999999 0.000888 -0.000576 9.134984 -0.000879 0.999893 0.014614 -0.008485 0.000588 -0.014613 0.999893 -0.219602 
1561000930290857925 1561000931290950443 0.999988 -0.001092 -0.004862 9.848559 0.001050 0.999963 -0.008537 -0.047117 0.004871 0.008532 0.999952 -0.231796 
1561000931390582073 1561000932390627327 1.000000 -0.000474 0.000533 9.496024 0.000469 0.999957 0.009247 -0.007467 -0.000537 -0.009247 0.999957 -0.240178 
1561000932490739641 1561000933590929375 0.999995 0.003250 0.000359 9.509439 -0.003249 0.999985 -0.004407 -0.030608 -0.000374 0.004406 0.999990 -0.273707 
1561000933690631730 1561000935189188301 0.999992 -0.001177 -0.003738 9.756972 0.001178 0.999999 0.000481 -0.002142 0.003737 -0.000486 0.999993 -0.299572 
1561000935290330295 1561000937092852842 0.991875 -0.122425 -0.034573 9.508386 0.122378 0.992477 -0.003475 0.705753 0.034738 -0.000784 0.999396 -0.179225 
1561000937191867163 1561000939192321789 0.867255 -0.497762 -0.010097 9.648675 0.497839 0.867236 0.007641 2.077932 0.004953 -0.011653 0.999920 -0.220783 
1561000939293448960 1561000941385291014 0.745913 -0.665852 0.015962 9.669832 0.666013 0.745434 -0.027473 1.988448 0.006394 0.031123 0.999495 -0.148872 
1561000941484291672 1561000943185180683 0.994512 -0.104596 -0.002535 9.764998 0.104555 0.994437 -0.012788 0.045084 0.003858 0.012453 0.999915 -0.238214 
1561000943285407256 1561000944684311747 0.999985 -0.003643 -0.003977 9.802829 0.003634 0.999990 -0.002424 -0.020020 0.003986 0.002410 0.999989 -0.171101 
1561000944785470923 1561000945984427207 0.999971 0.004413 -0.006248 9.657233 -0.004401 0.999988 0.001913 -0.023661 0.006256 -0.001885 0.999979 -0.125817 
1561000946085475297 1561000947185408998 0.999953 0.009728 -0.000199 9.801895 -0.009728 0.999945 0.003932 -0.029535 0.000237 -0.003930 0.999992 -0.165026 
1561000947285435318 1561000948285302425 0.999991 0.002567 -0.003320 9.647519 -0.002578 0.999991 -0.003406 -0.042844 0.003311 0.003414 0.999989 -0.186203 
1561000948384161549 1561000949384917082 0.999990 -0.003642 0.002430 9.977173 0.003614 0.999929 0.011327 0.008050 -0.002471 -0.011318 0.999933 -0.196783 
1561000949484980383 1561000950485162098 0.999981 -0.003149 -0.005364 9.885340 0.003134 0.999991 -0.002725 0.002640 0.005373 0.002708 0.999982 -0.191249 
1561000950585227710 1561000951485527090 0.999997 -0.001613 -0.001593 9.109413 0.001604 0.999983 -0.005555 -0.005256 0.001602 0.005553 0.999983 -0.176481 
1561000951585792196 1561000952484282984 0.999988 0.004437 -0.001829 9.439014 -0.004418 0.999938 0.010208 -0.047987 0.001874 -0.010200 0.999946 -0.175419 
1561000952584971548 1561000953485931883 0.999969 0.004115 0.006645 9.711290 -0.004093 0.999986 -0.003386 -0.042960 -0.006659 0.003358 0.999972 -0.214372 
1561000953586206431 1561000954485032475 0.999970 0.003759 -0.006823 10.051064 -0.003798 0.999976 -0.005772 -0.072823 0.006801 0.005797 0.999960 -0.164054 
1561000954585534315 1561000955386850839 0.999985 0.005403 -0.001235 9.139410 -0.005396 0.999970 0.005479 -0.058146 0.001264 -0.005472 0.999984 -0.171805 
1561000955485283628 1561000956288421454 0.999992 0.002967 -0.002656 9.316883 -0.002970 0.999995 -0.001081 -0.031690 0.002653 0.001089 0.999996 -0.150425 
1561000956388401457 1561000957187021792 0.999976 0.005141 0.004713 9.374062 -0.005149 0.999985 0.001663 -0.065091 -0.004704 -0.001687 0.999988 -0.254178 
1561000957288455198 1561000958090154025 0.999951 0.008244 -0.005454 9.111155 -0.008239 0.999966 0.000974 -0.054825 0.005462 -0.000929 0.999985 -0.225082 
1561000958188767727 1561000959091128915 0.999988 0.000412 -0.004926 9.566494 -0.000427 0.999995 -0.003070 -0.011830 0.004925 0.003072 0.999983 -0.205291 
1561000959189853403 1561000960189781130 0.999975 -0.000043 0.007097 9.455762 0.000094 0.999974 -0.007174 -0.019241 -0.007097 0.007174 0.999949 -0.240883 
1561000960291163184 1561000961392426980 0.999978 -0.006330 -0.002096 9.450658 0.006349 0.999940 0.008957 -0.006268 0.002039 -0.008970 0.999958 -0.212209 
1561000961492034065 1561000962683688636 0.999546 -0.029662 -0.005199 9.532439 0.029648 0.999556 -0.002799 0.184580 0.005280 0.002643 0.999983 -0.220318 
1561000962784689276 1561000964285007795 0.906878 -0.421231 -0.011716 9.720342 0.421384 0.906699 0.018256 1.908234 0.002933 -0.021493 0.999765 -0.164611 
1561000964385648070 1561000965983076635 0.820478 -0.571487 0.014800 9.510398 0.571540 0.820574 0.000731 2.069939 -0.012563 0.007859 0.999890 -0.314718 
1561000966084619414 1561000967584946286 0.932201 -0.361882 0.006468 9.555411 0.361883 0.931586 -0.034473 0.688507 0.006449 0.034476 0.999385 -0.219358 
1561000967683718178 1561000969084949975 0.999360 -0.034327 0.010083 9.966634 0.034444 0.999338 -0.011696 -0.015633 -0.009675 0.012035 0.999881 -0.220074 
1561000969183634125 1561000970384439989 0.999983 0.003396 -0.004833 9.300866 -0.003385 0.999992 0.002317 -0.045243 0.004841 -0.002300 0.999986 -0.174719 
1561000970485275289 1561000971785248209 0.999462 0.032551 0.004119 10.009587 -0.032601 0.999390 0.012514 -0.175227 -0.003709 -0.012642 0.999913 -0.294596 
1561000971884037544 1561000973383857303 0.965201 0.261502 -0.001893 9.755212 -0.261503 0.965202 -0.000505 -1.266933 0.001695 0.000983 0.999998 -0.296182 
1561000973483830947 1561000975685004069 0.473943 0.880139 0.027090 9.146090 -0.880009 0.472341 0.049781 -4.316758 0.031018 -0.047433 0.998393 -0.185151 
1561000975786659011 1561000977788650114 0.725399 0.688158 -0.015303 9.380309 -0.687358 0.725378 0.036966 -1.617156 0.036539 -0.016296 0.999199 -0.059812 
1561000977886802427 1561000979487649915 0.994652 0.103063 0.006729 9.524502 -0.103096 0.994661 0.004655 -0.241379 -0.006213 -0.005324 0.999967 -0.203970 
1561000979588452589 1561000980989814678 0.999040 0.042150 -0.011919 9.712958 -0.042188 0.999105 -0.003014 -0.123263 0.011781 0.003514 0.999924 -0.101775 
1561000981088310812 1561000982389489542 0.999874 -0.009625 0.012613 9.916515 0.009679 0.999945 -0.004160 0.076871 -0.012573 0.004282 0.999912 -0.243651 
1561000982491021736 1561000983792779312 0.991077 -0.133229 0.004025 9.716410 0.133172 0.991020 0.012042 0.645208 -0.005594 -0.011398 0.999919 -0.216791 
1561000983892564719 1561000985284285891 0.969065 -0.245775 0.022530 9.988887 0.246714 0.967143 -0.061368 0.834755 -0.006707 0.065028 0.997861 -0.471265 
1561000985382882359 1561000986684993381 0.968675 -0.248280 0.005077 9.376092 0.248127 0.968505 0.020768 0.814424 -0.010073 -0.018858 0.999771 -0.165718 
1561000986785318431 1561000987984787818 0.997066 -0.076195 0.007355 9.472562 0.076241 0.997070 -0.006176 0.088312 -0.006863 0.006719 0.999954 -0.206332 
1561000988083253528 1561000989185331183 0.999966 -0.001864 -0.007989 9.312762 0.001834 0.999991 -0.003709 -0.056395 0.007995 0.003694 0.999961 -0.174344 
1561000989286571399 1561000990386688379 0.999881 0.015208 -0.002585 9.841900 -0.015243 0.999779 -0.014493 -0.082555 0.002364 0.014530 0.999892 -0.127959 
1561000990487400793 1561000991489376534 0.999976 0.001928 0.006642 9.352174 -0.002042 0.999848 0.017315 -0.007092 -0.006607 -0.017328 0.999828 -0.253577 
1561000991587658972 1561000992589710327 0.999973 -0.000252 -0.007318 9.495068 0.000270 0.999997 0.002561 -0.020082 0.007317 -0.002563 0.999970 -0.158224 
1561000992688680882 1561000993688840593 0.999989 -0.004231 -0.001920 9.213173 0.004221 0.999978 -0.005027 -0.013695 0.001941 0.005018 0.999986 -0.207196 
1561000993788255475 1561000994887884163 0.999956 0.006523 0.006804 9.789538 -0.006506 0.999976 -0.002454 -0.074041 -0.006820 0.002410 0.999974 -0.276213 
1561000994989195118 1561000996091159361 0.999686 0.001694 -0.024987 9.501962 -0.001394 0.999927 0.012018 0.006790 0.025005 -0.011980 0.999616 -0.035285 
1561000996191781710 1561000997290721072 0.999985 0.001365 0.005240 9.477144 -0.001355 0.999997 -0.001961 -0.045295 -0.005242 0.001954 0.999984 -0.202233 
1561000997390743165 1561000998484096948 0.999983 0.004452 -0.003788 9.372978 -0.004440 0.999985 0.003079 -0.021487 0.003802 -0.003062 0.999988 -0.185196 
1561000998583892626 1561000999782849783 0.999997 0.002305 0.000605 9.822276 -0.002305 0.999997 -0.000656 -0.019152 -0.000607 0.000654 1.000000 -0.244176 
1561000999884289618 1561001001186443324 0.996699 -0.081071 -0.004392 9.798344 0.081079 0.996706 0.001624 0.425560 0.004246 -0.001975 0.999989 -0.205164 
1561001001284759932 1561001002686505719 0.966927 -0.254692 0.013595 9.804646 0.254964 0.966632 -0.024823 0.875122 -0.006819 0.027468 0.999599 -0.260395 
1561001002786335908 1561001004186521975 0.994153 -0.107480 0.010346 9.696986 0.107393 0.994179 0.008654 0.197961 -0.011216 -0.007492 0.999909 -0.270514 
1561001004285167650 1561001005984700277 0.999985 -0.002333 -0.004913 10.049602 0.002338 0.999997 0.001120 0.014475 0.004911 -0.001131 0.999987 -0.312046 
1561001006086145303 1561001008785772171 0.987475 -0.157125 0.014293 9.980780 0.157507 0.987020 -0.031358 0.737449 -0.009180 0.033216 0.999406 -0.488113 
1561001013189131293 1561001022990995843 0.491383 0.870907 -0.007950 8.900683 -0.870943 0.491374 -0.003204 -3.804038 0.001116 0.008499 0.999963 -0.205856 
1561001023092298890 1561001025282843504 0.968396 0.248260 0.023989 9.559004 -0.248551 0.968568 0.009960 -0.315832 -0.020762 -0.015607 0.999663 -0.194653 
1561001025383862845 1561001027083493128 0.999717 -0.022948 0.006198 9.918792 0.023008 0.999687 -0.009872 0.089039 -0.005970 0.010012 0.999932 -0.193630 
1561001027182608576 1561001028583679882 0.999537 -0.030217 -0.003519 9.660662 0.030184 0.999504 -0.008927 0.060424 0.003787 0.008816 0.999954 -0.165204 
1561001028682441518 1561001029982813208 0.999652 -0.024037 -0.010841 9.538060 0.024186 0.999612 0.013837 0.084836 0.010505 -0.014094 0.999845 -0.093209 
1561001030083766477 1561001031384526839 0.999520 -0.028790 0.011449 9.691821 0.028956 0.999474 -0.014595 0.070734 -0.011023 0.014919 0.999828 -0.210045 
1561001031484557483 1561001032784624224 0.998208 -0.059705 -0.004050 9.999695 0.059718 0.998210 0.003286 0.206420 0.003846 -0.003522 0.999986 -0.214066 
1561001032884482841 1561001034086306617 0.998710 -0.050070 -0.008483 9.570978 0.050055 0.998745 -0.001881 0.117901 0.008567 0.001454 0.999962 -0.178083 
1561001034184576442 1561001035384994970 0.998855 -0.047440 -0.006094 9.856314 0.047481 0.998850 0.006678 0.151334 0.005770 -0.006960 0.999959 -0.169710 
1561001035485540017 1561001036585771349 0.998058 -0.062286 0.000685 9.333653 0.062285 0.998057 0.001528 0.188601 -0.000779 -0.001482 0.999999 -0.205459 
1561001036684869108 1561001037788607452 0.998713 -0.050722 -0.000424 9.599956 0.050713 0.998634 -0.012573 0.103044 0.001061 0.012535 0.999921 -0.198830 
1561001037887475251 1561001038989351023 0.999635 -0.025947 -0.007493 9.825557 0.025963 0.999661 0.002097 0.074397 0.007436 -0.002291 0.999970 -0.138678 
1561001039090661637 1561001040190517992 0.999570 -0.029316 -0.000329 9.429544 0.029318 0.999508 0.011125 0.081353 0.000003 -0.011129 0.999938 -0.229665 
1561001040290470377 1561001041490232445 0.999986 -0.005369 0.000279 9.524360 0.005368 0.999971 0.005410 -0.001003 -0.000308 -0.005408 0.999985 -0.242541 
1561001041590464139 1561001042891321772 0.999930 0.011684 -0.001995 9.489795 -0.011659 0.999856 0.012366 -0.045135 0.002139 -0.012342 0.999922 -0.219036 
1561001042991852767 1561001044583940142 0.999976 0.004863 -0.004983 10.043033 -0.004830 0.999967 0.006546 -0.004423 0.005015 -0.006521 0.999966 -0.197689 
1561001044683817161 1561001046682537906 0.999922 0.001750 -0.012336 10.032870 -0.001537 0.999850 0.017241 0.003823 0.012364 -0.017221 0.999775 -0.178124 
1561001046784588833 1561001049184611748 0.999409 0.034264 -0.002598 9.795103 -0.034235 0.999359 0.010449 -0.198724 0.002955 -0.010354 0.999942 -0.187244 
1561001049285605374 1561001051486081197 0.972846 0.231298 -0.008546 9.599667 -0.231355 0.972848 -0.006478 -0.964668 0.006816 0.008279 0.999943 -0.158039 
1561001051585965639 1561001053488769331 0.868010 0.495905 -0.025219 9.552179 -0.495481 0.868356 0.021386 -1.761404 0.032504 -0.006068 0.999453 -0.089088 
1561001053587111657 1561001055188453066 0.942228 0.334964 0.002475 9.424102 -0.334946 0.942219 -0.005869 -0.835080 -0.004298 0.004701 0.999980 -0.206961 
1561001055288682193 1561001056889648575 0.994760 0.101628 -0.011160 9.840344 -0.101799 0.994676 -0.016009 -0.170639 0.009473 0.017061 0.999810 -0.138958 
1561001056989887438 1561001058883384187 0.999827 0.017874 -0.005214 9.999211 -0.017995 0.999549 -0.024041 -0.098092 0.004782 0.024131 0.999697 -0.271393 
1561001058983612209 1561001061082944859 0.999525 -0.029056 0.010278 10.057576 0.029250 0.999387 -0.019230 0.044111 -0.009713 0.019522 0.999762 -0.191068 
1561001061185359651 1561001063485840993 0.999854 0.016265 -0.005190 9.842892 -0.016210 0.999815 0.010326 -0.045867 0.005357 -0.010240 0.999933 -0.178466 
1561001063583967708 1561001065584256901 0.999929 0.011654 -0.002338 9.911203 -0.011628 0.999873 0.010889 -0.047996 0.002464 -0.010861 0.999938 -0.213378 
1561001065686115196 1561001067787022005 0.999928 0.000339 -0.012000 10.096503 -0.000598 0.999767 -0.021562 -0.091294 0.011990 0.021568 0.999695 -0.089099 
1561001067888447017 1561001069891555455 0.999720 0.000359 0.023639 9.662244 -0.000149 0.999960 -0.008891 -0.013009 -0.023641 0.008885 0.999681 -0.142053 
1561001069991385716 1561001071782249455 0.999976 -0.001289 -0.006871 9.771404 0.001322 0.999988 0.004773 0.002649 0.006864 -0.004782 0.999965 -0.179810 
1561001071883247244 1561001073582269311 0.999996 0.002090 -0.001878 9.623670 -0.002069 0.999936 0.011146 -0.027257 0.001901 -0.011142 0.999936 -0.176323 
1561001073683149152 1561001075384193321 0.999924 0.008735 0.008756 9.942497 -0.008703 0.999955 -0.003696 -0.072419 -0.008788 0.003619 0.999955 -0.270145 
1561001075482441107 1561001077184492858 0.999995 -0.002999 -0.000767 9.650209 0.003003 0.999980 0.005558 0.023247 0.000750 -0.005560 0.999984 -0.233679 
1561001077282763356 1561001079385140199 0.999893 -0.013824 -0.004803 9.846754 0.013818 0.999904 -0.001315 0.030125 0.004820 0.001249 0.999988 -0.218990 
1561001079483640932 1561001082386585503 0.999627 0.014593 -0.023067 10.030690 -0.014734 0.999874 -0.005951 -0.079489 0.022978 0.006289 0.999716 -0.070304 
1561001082484943973 1561001086089690349 0.999770 0.019564 0.008759 9.882881 -0.019644 0.999765 0.009144 -0.091595 -0.008578 -0.009314 0.999920 -0.064584 
1561001086188564386 1561001089582539893 0.750292 0.661105 -0.000860 9.360125 -0.661060 0.750255 0.010846 -2.950644 0.007815 -0.007569 0.999941 -0.263410 
1561001089681478029 1561001091787733094 0.752459 0.658428 0.016641 9.493477 -0.658501 0.752579 -0.001459 -2.006796 -0.013484 -0.009860 0.999860 -0.226188 
1561001091887940870 1561001093389076978 0.978766 0.204980 0.001054 9.439450 -0.204917 0.978570 -0.020260 -0.697915 -0.005185 0.019614 0.999794 -0.192038 
1561001093487618338 1561001094789109988 0.996249 0.086437 0.004150 9.416942 -0.086439 0.996257 0.000403 -0.269692 -0.004100 -0.000761 0.999991 -0.211496 
1561001094890449252 1561001096290751861 0.999704 0.023961 -0.004285 9.990148 -0.023953 0.999711 0.002061 -0.036108 0.004333 -0.001958 0.999989 -0.242999 
1561001096390651098 1561001097690352113 0.999861 -0.012345 0.011216 9.892008 0.012211 0.999854 0.011966 0.031644 -0.011363 -0.011828 0.999865 -0.205047 
1561001097790328841 1561001098990550025 0.999999 -0.001070 -0.000677 9.801876 0.001073 0.999983 0.005661 -0.012488 0.000670 -0.005662 0.999984 -0.189859 
1561001099090442013 1561001100290729511 0.999753 -0.022111 0.002456 10.068973 0.022102 0.999750 0.003463 0.070092 -0.002532 -0.003407 0.999991 -0.257400 
1561001100390028214 1561001101590873118 0.999735 -0.022798 0.003266 9.932526 0.022816 0.999724 -0.005542 0.071794 -0.003138 0.005615 0.999979 -0.235429 
1561001101689607634 1561001102889591329 0.999414 -0.008513 -0.033169 9.717638 0.007734 0.999693 -0.023543 -0.027015 0.033359 0.023272 0.999172 -0.002415 
1561001102990125190 1561001104181656300 0.999453 -0.007849 0.032114 9.490670 0.007116 0.999713 0.022885 0.043827 -0.032285 -0.022644 0.999222 -0.192703 
1561001104282798946 1561001105681514183 0.999881 -0.015235 0.002419 10.030916 0.015252 0.999856 -0.007467 0.014095 -0.002305 0.007503 0.999969 -0.268170 
1561001105782574691 1561001107381760258 0.999290 -0.013743 -0.035082 9.987225 0.013433 0.999869 -0.009062 0.009275 0.035202 0.008584 0.999343 0.027510 
1561001107483498157 1561001109086651957 0.999240 -0.032155 0.022012 9.956685 0.032121 0.999482 0.001911 0.084572 -0.022062 -0.001203 0.999756 -0.147336 
1561001109186089638 1561001110489656381 0.999947 -0.009674 -0.003531 9.222081 0.009721 0.999863 0.013388 0.030768 0.003401 -0.013421 0.999904 -0.235305 
1561001110589281330 1561001111790184547 0.999846 -0.017569 0.000425 9.574048 0.017573 0.999800 -0.009524 0.022358 -0.000257 0.009530 0.999955 -0.195977 
1561001111890267649 1561001112990030624 0.999702 -0.024411 0.000788 9.585598 0.024411 0.999702 -0.000427 0.052431 -0.000777 0.000447 1.000000 -0.194833 
1561001113089967128 1561001114089741819 0.999815 -0.011341 0.015557 9.416529 0.011159 0.999869 0.011703 0.035123 -0.015687 -0.011527 0.999811 -0.245093 
1561001114190043723 1561001115190121922 0.999951 -0.009582 -0.002503 9.432793 0.009595 0.999941 0.005163 0.013922 0.002454 -0.005187 0.999984 -0.209326 
1561001115289946179 1561001116291566530 0.999688 -0.009959 -0.022921 9.585721 0.009940 0.999950 -0.000946 0.009638 0.022929 0.000718 0.999737 -0.022980 
1561001116381500313 1561001117381184977 0.999452 -0.003995 0.032866 9.959868 0.003480 0.999870 0.015721 0.022668 -0.032924 -0.015598 0.999336 -0.260695 
1561001117482522790 1561001118381539370 0.999952 -0.005297 -0.008265 9.277759 0.005234 0.999957 -0.007673 -0.039996 0.008306 0.007629 0.999936 -0.160977 
1561001118482189078 1561001119382990325 0.999997 0.001555 0.001646 9.624538 -0.001543 0.999974 -0.007026 -0.042326 -0.001657 0.007024 0.999974 -0.216079 
1561001119483072740 1561001120384683794 0.999991 0.003965 -0.001172 9.577786 -0.003963 0.999991 0.001293 -0.053938 0.001177 -0.001289 0.999998 -0.231006 
1561001120484637134 1561001121382600280 0.999995 -0.003026 -0.000963 9.492952 0.003027 0.999995 0.000939 -0.027303 0.000960 -0.000942 0.999999 -0.220078 
1561001121484465503 1561001122383684176 0.999541 -0.006553 0.029582 9.530286 0.006928 0.999897 -0.012589 -0.025243 -0.029496 0.012788 0.999483 -0.533884 
1561001122484297539 1561001123384312570 0.999741 -0.009644 -0.020597 9.700487 0.009704 0.999949 0.002832 -0.015693 0.020568 -0.003031 0.999784 -0.165913 
1561001123484227558 1561001124382679864 0.999979 0.005703 -0.003044 9.896803 -0.005701 0.999984 0.000506 -0.058436 0.003047 -0.000489 0.999995 -0.205559 
1561001124484482434 1561001125384473380 0.999982 0.005685 -0.001970 9.796496 -0.005699 0.999959 -0.007012 -0.086431 0.001930 0.007023 0.999973 -0.227050 
1561001125484459565 1561001126383443964 0.999974 0.001577 -0.006982 9.498884 -0.001577 0.999999 0.000077 -0.036060 0.006983 -0.000066 0.999976 -0.201640 
1561001126484450440 1561001127384677275 0.999932 -0.001746 -0.011514 9.236688 0.001794 0.999990 0.004168 -0.031152 0.011507 -0.004188 0.999925 -0.015647 
1561001127484930623 1561001128384371369 0.999905 -0.003329 0.013369 9.174743 0.003231 0.999968 0.007346 -0.017800 -0.013393 -0.007302 0.999884 -0.228649 
1561001128484718030 1561001129484252606 0.999174 -0.040021 -0.007104 9.862240 0.040059 0.999183 0.005300 0.172573 0.006886 -0.005580 0.999961 -0.201071 
1561001129584262616 1561001130583456112 0.999424 -0.033480 0.005487 9.680306 0.033537 0.999381 -0.010635 0.076264 -0.005128 0.010813 0.999928 -0.256235 
1561001130684418677 1561001131684347066 0.999988 0.004714 0.001007 9.495186 -0.004721 0.999961 0.007431 -0.033450 -0.000971 -0.007436 0.999972 -0.276437 
1561001131783102204 1561001132784618455 0.999932 0.011638 -0.000797 9.348475 -0.011636 0.999928 0.002933 -0.069987 0.000831 -0.002923 0.999995 -0.236841 
1561001132884348223 1561001133888472403 1.000000 -0.000425 0.000687 9.265878 0.000426 0.999997 -0.002580 -0.015767 -0.000686 0.002580 0.999996 -0.239593 
1561001133988653046 1561001134990642751 0.999402 -0.033745 -0.007516 9.345983 0.033716 0.999423 -0.004016 0.094624 0.007648 0.003760 0.999964 -0.123418 
1561001135090342516 1561001136082290698 0.999729 0.023073 0.003086 9.454127 -0.023084 0.999728 0.003410 -0.116666 -0.003006 -0.003481 0.999989 -0.139357 
1561001136183805205 1561001137182260666 0.999600 0.028211 0.002105 9.631743 -0.028199 0.999585 -0.005868 -0.127594 -0.002270 0.005807 0.999981 -0.197839 
1561001137281066627 1561001138281018425 0.999999 0.001102 -0.001004 9.909669 -0.001101 0.999999 0.000999 -0.025500 0.001005 -0.000998 0.999999 -0.216988 
1561001138382327387 1561001139280867381 0.999993 0.000366 -0.003807 9.097308 -0.000346 0.999986 0.005295 -0.026624 0.003808 -0.005294 0.999979 -0.168750 
1561001139382659377 1561001140282708434 0.999959 0.000586 -0.009002 9.280126 -0.000637 0.999984 -0.005612 -0.039379 0.008999 0.005617 0.999944 -0.130905 
1561001140384585264 1561001141285453940 0.999987 0.002683 0.004446 9.234973 -0.002694 0.999993 0.002452 -0.035508 -0.004439 -0.002464 0.999987 -0.207750 
1561001141386609048 1561001142385797622 0.999999 -0.001103 -0.000979 9.834597 0.001105 0.999998 0.001846 -0.008071 0.000977 -0.001847 0.999998 -0.193556 
1561001142484869603 1561001143585716733 0.999898 -0.013737 0.003936 9.776204 0.013736 0.999906 0.000207 0.020056 -0.003939 -0.000153 0.999992 -0.304820 
1561001143685602449 1561001144886048191 0.999926 0.006317 -0.010403 9.789166 -0.006327 0.999980 -0.000880 -0.056076 0.010397 0.000946 0.999946 -0.245768 
1561001144984645767 1561001146185775237 0.999572 -0.008491 0.027997 9.632397 0.008323 0.999947 0.006140 0.041235 -0.028048 -0.005904 0.999589 -0.481209 
1561001146283927959 1561001147484004166 0.999787 0.002953 -0.020427 9.909230 -0.003129 0.999958 -0.008588 -0.059047 0.020401 0.008651 0.999754 -0.185713 
1561001147585363917 1561001148687562742 0.998913 0.046311 0.005232 9.447477 -0.046290 0.998919 -0.004165 -0.217536 -0.005420 0.003919 0.999978 -0.236055 
1561001148786042057 1561001149888685133 0.998367 0.056643 -0.007400 9.731734 -0.056622 0.998391 0.003039 -0.207829 0.007560 -0.002615 0.999968 -0.178487 
1561001149987399571 1561001151088625648 0.999778 0.020860 0.003036 9.938537 -0.020841 0.999763 -0.006371 -0.078425 -0.003168 0.006306 0.999975 -0.237464 
1561001151187970115 1561001152287717799 0.999961 0.008733 0.001049 9.815849 -0.008737 0.999957 0.003151 -0.045941 -0.001021 -0.003160 0.999994 -0.243594 
1561001152388595602 1561001153487637657 0.999332 0.036476 -0.002018 9.571009 -0.036475 0.999334 0.000568 -0.198921 0.002037 -0.000494 0.999998 -0.215263 
1561001153588826806 1561001154687837587 0.998534 0.054041 0.003164 9.382880 -0.054033 0.998536 -0.002380 -0.199001 -0.003288 0.002205 0.999992 -0.238518 
1561001154787690737 1561001155988918104 0.999896 0.014431 -0.000632 9.817888 -0.014423 0.999836 0.010909 -0.016225 0.000789 -0.010898 0.999940 -0.254790 
1561001156089899745 1561001157482944169 0.995368 -0.096075 0.003439 10.083406 0.096071 0.995373 0.001458 0.306870 -0.003563 -0.001121 0.999993 -0.285014 
1561001157584735267 1561001159487141569 0.999161 -0.035017 0.021249 10.102904 0.034970 0.999385 0.002592 0.095069 -0.021327 -0.001847 0.999771 -0.555581 
1561001159588606930 1561001166182419614 -0.997375 -0.005789 0.072172 2.913772 0.003457 -0.999469 -0.032388 -9.205383 0.072321 -0.032053 0.996866 -0.210132 
1561001166282416969 1561001168180833694 0.999952 -0.009673 -0.001332 9.850164 0.009672 0.999953 -0.000474 0.061821 0.001336 0.000461 0.999999 -0.157365 
1561001168281826033 1561001169782193725 0.999932 0.011288 0.002794 9.923426 -0.011297 0.999932 0.002928 -0.061997 -0.002761 -0.002959 0.999992 -0.239003 
1561001169881847962 1561001171181243104 0.999924 0.012206 -0.001755 9.840695 -0.012203 0.999924 0.001694 -0.055549 0.001775 -0.001673 0.999997 -0.184725 
1561001171282335846 1561001172482184073 0.999998 0.001037 -0.001390 9.504115 -0.001036 0.999999 0.000611 -0.020676 0.001391 -0.000610 0.999999 -0.199553 
1561001172582118440 1561001173781931907 0.999992 0.002598 0.002893 9.439579 -0.002602 0.999995 0.001685 -0.029626 -0.002889 -0.001693 0.999994 -0.239480 
1561001173880670989 1561001175082166812 0.999989 0.001769 -0.004353 9.358937 -0.001787 0.999989 -0.004291 -0.029835 0.004345 0.004299 0.999981 -0.179955 
1561001175181641143 1561001176382251268 0.999973 -0.006246 0.003975 9.348783 0.006251 0.999980 -0.001198 -0.013651 -0.003967 0.001223 0.999991 -0.232468 
1561001176482366462 1561001177682927151 0.999971 0.002384 -0.007255 9.315482 -0.002372 0.999996 0.001690 -0.020854 0.007259 -0.001673 0.999972 -0.195841 
1561001177782884234 1561001179083269457 0.999969 -0.005799 0.005250 9.996596 0.005757 0.999952 0.007954 0.017663 -0.005296 -0.007924 0.999955 -0.239769 
1561001179180779274 1561001180483926547 0.999905 -0.008654 -0.010719 9.561312 0.008663 0.999962 0.000804 0.017454 0.010712 -0.000897 0.999942 -0.112227 
1561001180583786148 1561001181881991549 0.999701 -0.011175 0.021770 9.567254 0.011127 0.999935 0.002281 0.021179 -0.021795 -0.002038 0.999760 -0.186828 
1561001181983636604 1561001183185326675 0.999834 -0.017418 -0.005277 9.376242 0.017416 0.999848 -0.000424 0.043914 0.005284 0.000332 0.999986 -0.146853 
1561001183285293656 1561001184485141178 0.999539 -0.029730 0.006236 9.943200 0.029710 0.999553 0.003283 0.106498 -0.006331 -0.003096 0.999975 -0.241710 
1561001184584088317 1561001185686359136 0.999537 -0.029856 0.005830 9.591588 0.029862 0.999554 -0.000982 0.078986 -0.005798 0.001155 0.999983 -0.328160 
1561001185786403076 1561001186880055451 0.999968 0.000235 -0.007992 10.048597 -0.000296 0.999971 -0.007667 -0.059880 0.007990 0.007669 0.999939 -0.205137 
1561001186981319411 1561001187981287376 0.999979 0.004542 -0.004636 9.460782 -0.004519 0.999977 0.004966 -0.033215 0.004658 -0.004945 0.999977 -0.183497 
1561001188080264358 1561001189080133383 0.999996 0.002928 0.000232 9.575544 -0.002926 0.999979 -0.005775 -0.043589 -0.000249 0.005774 0.999983 -0.238358 
1561001189181329220 1561001190181203316 0.999998 -0.002105 -0.000212 9.262844 0.002105 0.999997 0.001365 -0.018717 0.000209 -0.001366 0.999999 -0.215203 
1561001190281191172 1561001191380068979 0.999993 0.002455 -0.002766 9.875642 -0.002442 0.999986 0.004637 -0.041996 0.002778 -0.004631 0.999985 -0.236500 
1561001191481314417 1561001192580341515 0.999208 0.005314 0.039431 9.540172 -0.005234 0.999984 -0.002124 -0.051243 -0.039442 0.001916 0.999220 -0.607955 
1561001192681254629 1561001193781444699 0.999793 -0.006081 -0.019406 9.459283 0.005905 0.999941 -0.009113 0.001242 0.019460 0.008996 0.999770 -0.202794 
1561001193881228831 1561001194981196511 0.999989 -0.004383 0.001385 9.477109 0.004383 0.999990 0.000434 -0.029820 -0.001387 -0.000428 0.999999 -0.236815 
1561001195080704453 1561001196182383709 0.999990 0.004367 0.001112 9.340168 -0.004366 0.999990 -0.001199 -0.037487 -0.001117 0.001194 0.999999 -0.225933 
1561001196282338881 1561001197380743069 0.999770 0.002232 -0.021348 9.343824 -0.002270 0.999996 -0.001729 -0.045228 0.021344 0.001777 0.999771 -0.020013 
1561001197481807179 1561001198579937671 0.999993 0.003632 0.001341 9.521948 -0.003644 0.999957 0.008493 -0.021019 -0.001311 -0.008498 0.999963 -0.261714 
1561001198681671451 1561001199782258225 0.999976 0.004263 -0.005519 9.510355 -0.004283 0.999984 -0.003573 -0.033745 0.005504 0.003596 0.999978 -0.176906 
1561001199882443550 1561001201083607135 0.999995 -0.003168 0.000311 9.696608 0.003170 0.999983 -0.004855 -0.006752 -0.000296 0.004856 0.999988 -0.228798 
1561001201185080910 1561001202487643979 0.999939 -0.000129 0.011029 9.590824 0.000243 0.999947 -0.010290 -0.053760 -0.011027 0.010292 0.999886 -0.385150 
1561001202587789019 1561001203888670187 0.999699 0.024239 -0.003757 9.903054 -0.024224 0.999698 0.004139 -0.083646 0.003857 -0.004047 0.999984 -0.139970 
1561001203986125786 1561001205187698177 0.999827 0.018130 0.004044 9.465062 -0.018149 0.999824 0.004822 -0.063925 -0.003956 -0.004895 0.999980 -0.195599 
1561001205286277130 1561001206487328247 0.999909 0.013152 0.002988 9.511868 -0.013160 0.999910 0.002678 -0.049692 -0.002953 -0.002717 0.999992 -0.249181 
1561001206587295760 1561001207887149696 0.999984 0.001995 -0.005277 9.824647 -0.002019 0.999988 -0.004490 -0.025683 0.005268 0.004501 0.999976 -0.213497 
1561001207987451040 1561001209286191826 0.999622 0.020615 -0.018208 9.725722 -0.020628 0.999787 -0.000529 -0.098269 0.018193 0.000905 0.999834 0.024133 
1561001209387539302 1561001210587090282 0.999329 0.028729 0.022712 9.304760 -0.028850 0.999571 0.005024 -0.095619 -0.022558 -0.005676 0.999729 -0.236030 
1561001210687223880 1561001211887688489 0.999932 0.011232 -0.003099 9.581541 -0.011212 0.999917 0.006358 -0.016319 0.003171 -0.006323 0.999975 -0.221886 
1561001211987141833 1561001213187240249 0.999999 -0.001351 0.000839 9.814029 0.001352 0.999999 -0.000608 0.006855 -0.000838 0.000609 0.999999 -0.234369 
1561001213285911367 1561001214486005974 0.999970 -0.001814 -0.007583 9.948554 0.001802 0.999997 -0.001570 -0.002231 0.007585 0.001556 0.999970 -0.153727 
1561001214586794556 1561001215785833655 0.998887 -0.002712 -0.047099 9.612267 0.002390 0.999973 -0.006898 -0.003610 0.047116 0.006778 0.998866 0.172928 
1561001215887155620 1561001217087144923 0.999236 0.003695 0.038913 9.282220 -0.003640 0.999992 -0.001486 -0.058730 -0.038918 0.001344 0.999241 -0.191677 
1561001217187413851 1561001218486237822 0.999769 0.021259 -0.003237 9.986001 -0.021249 0.999769 0.003192 -0.079192 0.003304 -0.003122 0.999990 -0.201499 
1561001218586295917 1561001219880909076 0.999919 0.011962 -0.004304 9.910371 -0.011980 0.999919 -0.004205 -0.057583 0.004254 0.004256 0.999982 -0.210310 
1561001219979764496 1561001221280868907 0.999254 0.023916 0.030312 9.831635 -0.023871 0.999713 -0.001842 -0.126645 -0.030348 0.001117 0.999539 -0.527556 
1561001221379778179 1561001222679659471 0.999590 0.018712 -0.021689 9.791069 -0.018779 0.999820 -0.002866 -0.082307 0.021632 0.003272 0.999761 -0.213632 
1561001222781014779 1561001224080654083 0.999809 0.017507 -0.008635 9.819462 -0.017438 0.999816 0.007958 -0.066142 0.008773 -0.007806 0.999931 -0.233765 
1561001224181386610 1561001225481518173 0.998725 0.021070 -0.045881 9.750730 -0.021733 0.999666 -0.013990 -0.127598 0.045571 0.014969 0.998849 0.158894 
1561001225584892080 1561001226884262146 0.998437 0.029778 0.047304 9.885241 -0.030220 0.999506 0.008667 -0.121773 -0.047022 -0.010083 0.998843 -0.199387 
1561001226982947317 1561001228284115298 0.999861 0.016162 0.004016 9.896738 -0.016172 0.999866 0.002517 -0.068726 -0.003974 -0.002581 0.999989 -0.235427 
1561001228384502253 1561001229784248175 0.999105 -0.008082 -0.041528 9.883271 0.007704 0.999927 -0.009256 -0.023841 0.041599 0.008928 0.999094 0.121304 
1561001229884433677 1561001231284685120 0.999216 0.026275 0.029605 9.846953 -0.026400 0.999644 0.003835 -0.093395 -0.029493 -0.004614 0.999554 -0.065871 
1561001231384689101 1561001232685446068 0.999584 0.028727 0.002476 9.452897 -0.028732 0.999586 0.001806 -0.118637 -0.002423 -0.001877 0.999995 -0.226658 
1561001232785814808 1561001234185726498 0.999595 0.028472 0.000360 9.802017 -0.028472 0.999593 -0.001517 -0.119058 -0.000403 0.001506 0.999999 -0.234567 
1561001234287424903 1561001235889017172 0.999974 -0.001011 0.007149 9.737212 0.000984 0.999992 0.003787 0.036249 -0.007152 -0.003780 0.999967 -0.299260 
1561001235988867608 1561001238781538964 0.458385 -0.888753 -0.000269 8.432526 0.888501 0.458263 -0.023680 5.075550 0.021169 0.010615 0.999720 -0.168397 
1561001238881572340 1561001241283042597 0.802917 -0.596074 0.004542 9.888553 0.596089 0.802911 -0.003442 0.847741 -0.001595 0.005472 0.999984 -0.194058 
1561001241382491345 1561001243083602920 0.997046 -0.076772 0.002425 9.484068 0.076777 0.997046 -0.001977 0.108572 -0.002266 0.002158 0.999995 -0.183312 
1561001243182481867 1561001244784851916 0.999667 0.023208 0.011268 9.817950 -0.023300 0.999696 0.008114 -0.145559 -0.011076 -0.008374 0.999904 -0.398221 
1561001244883673794 1561001246485544196 0.999150 0.036331 -0.019457 9.950746 -0.036713 0.999133 -0.019652 -0.140034 0.018726 0.020350 0.999618 -0.109120 
1561001246585761767 1561001248286806316 0.999903 0.013509 -0.003507 10.011145 -0.013479 0.999872 0.008631 -0.040808 0.003623 -0.008583 0.999957 -0.152748 
1561001248385469235 1561001250185344831 0.999993 -0.003722 -0.000013 10.013157 0.003722 0.999980 -0.005088 -0.012957 0.000032 0.005088 0.999987 -0.168259 
1561001250286893019 1561001252180201407 0.999881 -0.005902 0.014286 9.952541 0.005893 0.999982 0.000637 -0.002050 -0.014290 -0.000553 0.999898 -0.316779 
1561001252279380129 1561001255282424928 0.992315 0.123068 -0.012878 10.035357 -0.122907 0.992338 0.012611 -0.795814 0.014332 -0.010932 0.999838 -0.232156 
1561001255382093372 1561001259187026418 0.169444 0.985540 -0.000648 8.600180 -0.985156 0.169396 0.027790 -5.038392 0.027497 -0.004070 0.999614 -0.085797 
