1566535934548163136 1566535944248010187 0.999659 -0.026120 0.000749 9.828066 0.026116 0.999646 0.005178 0.417719 -0.000884 -0.005157 0.999986 -0.195305 
1566535944347834283 1566535946055727893 0.999879 -0.015568 -0.000157 9.876732 0.015568 0.999878 0.000834 0.045383 0.000144 -0.000836 1.000000 -0.179825 
1566535946155935793 1566535947856044996 0.999575 -0.028442 0.006447 9.956301 0.028408 0.999583 0.005256 0.097834 -0.006594 -0.005070 0.999965 -0.243276 
1566535947956148046 1566535949647802761 0.999408 -0.032898 -0.010033 9.591679 0.032887 0.999458 -0.001190 0.098656 0.010067 0.000859 0.999949 -0.225378 
1566535949748000211 1566535951448795658 0.999683 -0.024848 -0.003956 10.062180 0.024833 0.999684 -0.003869 0.045804 0.004051 0.003770 0.999985 -0.181493 
1566535951547699498 1566535953049785058 0.999998 -0.000507 -0.002037 9.816500 0.000512 0.999997 0.002317 -0.042780 0.002036 -0.002318 0.999995 -0.180084 
1566535953149802954 1566535954452970577 0.999999 0.000446 -0.001631 9.332199 -0.000452 0.999992 -0.003947 -0.016789 0.001629 0.003947 0.999991 -0.168672 
1566535954552173905 1566535955848077573 0.999865 0.016055 0.003360 9.952171 -0.016051 0.999870 -0.001228 -0.083584 -0.003379 0.001174 0.999994 -0.239070 
1566535955948120285 1566535957248087548 0.999977 0.006806 0.000057 9.908832 -0.006806 0.999972 0.003085 -0.019291 -0.000036 -0.003085 0.999995 -0.249668 
1566535957348060094 1566535958748393258 0.999991 -0.000208 0.004159 10.071407 0.000198 0.999997 0.002473 -0.026872 -0.004159 -0.002472 0.999988 -0.355194 
1566535958848597942 1566535960251179575 0.999435 0.001449 -0.033568 9.870514 -0.001617 0.999986 -0.004972 -0.033980 0.033561 0.005023 0.999424 -0.187588 
1566535960351129229 1566535961652893730 0.999961 0.008162 -0.003507 9.588303 -0.008162 0.999967 -0.000030 -0.072612 0.003507 0.000058 0.999994 -0.234455 
1566535961752946878 1566535963048021370 0.999522 0.030736 -0.003396 9.609496 -0.030739 0.999527 -0.000971 -0.125878 0.003364 0.001075 0.999994 -0.210537 
1566535963148252927 1566535964447674802 0.999595 0.018036 -0.021989 9.292387 -0.018142 0.999825 -0.004638 -0.068583 0.021902 0.005035 0.999747 -0.033366 
1566535964547579747 1566535965848299348 0.999679 -0.003819 0.025040 10.003718 0.003680 0.999977 0.005611 0.000843 -0.025061 -0.005517 0.999671 -0.228505 
1566535965948249138 1566535967150082010 0.999841 -0.016268 -0.007279 9.671689 0.016254 0.999866 -0.001932 0.065125 0.007309 0.001813 0.999972 -0.167419 
1566535967250049716 1566535968449882347 0.999533 -0.030543 0.000091 9.889868 0.030543 0.999509 -0.007036 0.058199 0.000124 0.007036 0.999975 -0.229357 
1566535968549932007 1566535969750659125 0.998647 0.006930 0.051531 9.438726 -0.006904 0.999976 -0.000677 -0.048816 -0.051535 0.000320 0.998671 -0.762705 
1566535969851111965 1566535971052610322 0.998916 0.011822 -0.045030 9.514350 -0.011819 0.999930 0.000353 -0.025280 0.045031 0.000180 0.998986 -0.185182 
1566535971152637528 1566535972355294397 0.999960 0.006903 -0.005638 9.923666 -0.006875 0.999964 0.005002 -0.012992 0.005673 -0.004964 0.999972 -0.175332 
1566535972455333056 1566535973555770775 0.999915 0.012886 -0.001808 9.156275 -0.012882 0.999914 0.002534 -0.058570 0.001840 -0.002511 0.999995 -0.214216 
1566535973655770534 1566535974852874667 0.999968 0.006671 -0.004364 9.406654 -0.006663 0.999976 0.001712 -0.031373 0.004376 -0.001683 0.999989 -0.199091 
1566535974953262184 1566535976250571891 0.999616 0.006471 0.026940 9.738842 -0.006488 0.999979 0.000532 -0.032621 -0.026936 -0.000707 0.999637 -0.527284 
1566535976351093003 1566535977555451930 0.999747 0.020656 -0.008854 9.487634 -0.020633 0.999784 0.002617 -0.092050 0.008906 -0.002434 0.999957 -0.160576 
1566535977647504019 1566535978754054187 0.999593 0.028097 -0.004935 9.265604 -0.028088 0.999603 0.001990 -0.094579 0.004989 -0.001850 0.999986 -0.170134 
1566535978854089230 1566535979948041084 0.999937 0.010387 -0.004325 9.607798 -0.010369 0.999938 0.004178 0.003524 0.004368 -0.004133 0.999982 -0.163680 
1566535980047726566 1566535981148021871 0.999976 -0.006839 -0.000619 9.767067 0.006840 0.999974 0.002421 0.027193 0.000602 -0.002426 0.999997 -0.209259 
1566535981248049523 1566535982355327927 0.999913 -0.000021 -0.013195 9.474118 0.000027 1.000000 0.000432 0.009863 0.013195 -0.000432 0.999913 -0.127340 
1566535982447408632 1566535983547971745 0.999569 0.005827 0.028773 9.490644 -0.005481 0.999912 -0.012086 -0.029331 -0.028841 0.011923 0.999513 -0.119661 
1566535983649542994 1566535984752077654 0.999917 0.007075 -0.010771 9.848846 -0.007114 0.999968 -0.003620 -0.037531 0.010746 0.003696 0.999935 -0.161138 
1566535984852310548 1566535985953915787 0.999867 0.016156 0.002083 9.852466 -0.016148 0.999862 -0.003814 -0.073131 -0.002144 0.003780 0.999991 -0.232147 
1566535986053695043 1566535987155384005 0.999817 0.017344 0.008039 9.407252 -0.017357 0.999848 0.001516 -0.086507 -0.008011 -0.001656 0.999967 -0.350367 
1566535987247421146 1566535988447594437 0.998867 0.031691 -0.035494 9.867292 -0.031701 0.999497 0.000290 -0.129947 0.035485 0.000836 0.999370 -0.201958 
1566535988547383281 1566535989749072863 0.999931 0.011528 -0.002128 9.782239 -0.011515 0.999913 0.006419 -0.022027 0.002202 -0.006394 0.999977 -0.214130 
1566535989848992544 1566535991048982166 0.999810 0.011439 -0.015755 9.380299 -0.011397 0.999931 0.002719 -0.065032 0.015785 -0.002538 0.999872 -0.125228 
1566535991148890666 1566535992352348724 0.999285 0.016135 0.034203 9.657993 -0.015859 0.999840 -0.008331 -0.091925 -0.034332 0.007782 0.999380 -0.185525 
1566535992447570523 1566535993548911540 0.999980 -0.006052 -0.001790 9.204874 0.006056 0.999979 0.002289 0.015523 0.001776 -0.002299 0.999996 -0.234246 
1566535993648804642 1566535994853477027 0.999970 -0.006541 -0.004053 9.741753 0.006513 0.999955 -0.006879 -0.029444 0.004098 0.006852 0.999968 -0.220901 
1566535994954972790 1566535996146966889 0.999884 0.015177 0.001369 9.413511 -0.015178 0.999884 0.001033 -0.058307 -0.001354 -0.001054 0.999999 -0.078161 
1566535996247184697 1566535997446783659 0.999566 0.026986 -0.011781 9.982060 -0.026947 0.999631 0.003430 -0.117349 0.011869 -0.003111 0.999925 -0.171986 
1566535997547152963 1566535998646810717 0.998912 0.046099 0.007050 9.601269 -0.046064 0.998926 -0.005031 -0.200369 -0.007275 0.004701 0.999962 -0.222162 
1566535998747379102 1566535999848706726 0.999195 0.039267 0.008252 9.782823 -0.039255 0.999228 -0.001554 -0.165579 -0.008306 0.001229 0.999965 -0.292890 
1566535999948692974 1566536001054634466 0.999546 0.025438 -0.016174 9.332654 -0.025303 0.999643 0.008545 -0.064209 0.016386 -0.008132 0.999833 -0.131983 
1566536001147045774 1566536002550057779 0.999170 0.021626 -0.034507 9.717632 -0.022169 0.999635 -0.015442 -0.136723 0.034160 0.016194 0.999285 0.060244 
1566536002649386152 1566536004150694705 0.999541 0.021171 0.021678 9.537081 -0.021300 0.999757 0.005730 -0.078737 -0.021551 -0.006190 0.999749 -0.147965 
1566536004251353913 1566536006046386031 0.995963 -0.089625 0.004997 9.838522 0.089526 0.995833 0.017399 0.606934 -0.006536 -0.016881 0.999836 -0.303911 
1566536006146524065 1566536008546118091 0.555747 -0.831067 0.021751 9.082456 0.831334 0.555374 -0.021076 3.905347 0.005435 0.029795 0.999541 -0.267383 
1566536008645457864 1566536010646446143 0.781930 -0.623363 0.002083 9.454011 0.622966 0.781303 -0.038459 1.051562 0.022346 0.031370 0.999258 -0.300173 
1566536010746399337 1566536012346387788 0.998159 -0.052642 -0.030130 9.773784 0.052883 0.998574 0.007257 0.062513 0.029705 -0.008837 0.999520 -0.183271 
1566536012446258634 1566536013745939378 0.999971 0.007348 0.002124 9.305723 -0.007312 0.999839 -0.016390 -0.056106 -0.002245 0.016374 0.999863 -0.197307 
1566536013846143791 1566536015045950201 0.999835 0.015376 -0.009708 9.545316 -0.015522 0.999766 -0.015094 -0.111073 0.009473 0.015242 0.999839 -0.163704 
1566536015145841335 1566536016246258556 0.999951 -0.009657 0.002133 9.242077 0.009690 0.999828 -0.015804 -0.009767 -0.001980 0.015824 0.999873 -0.193439 
1566536016345774135 1566536017446393154 0.999961 0.001069 0.008818 9.407536 -0.001213 0.999866 0.016354 -0.038256 -0.008799 -0.016364 0.999827 -0.223664 
1566536017546513793 1566536018850536903 0.999964 0.001855 -0.008320 9.933101 -0.001812 0.999985 0.005214 -0.001490 0.008330 -0.005199 0.999952 -0.174990 
1566536018950739638 1566536020446439582 0.999987 0.002178 -0.004667 9.531739 -0.002190 0.999994 -0.002557 -0.048671 0.004662 0.002567 0.999986 -0.153834 
1566536020552892509 1566536022046262497 0.999726 0.008906 -0.021654 9.653292 -0.008855 0.999958 0.002472 -0.055542 0.021675 -0.002279 0.999762 -0.222737 
1566536022146036787 1566536023645766212 0.999916 -0.012875 0.001594 9.888512 0.012879 0.999913 -0.002847 0.032507 -0.001557 0.002867 0.999995 -0.226907 
1566536023745812636 1566536025245383677 0.999532 -0.000472 0.030574 9.448869 0.000158 0.999947 0.010254 -0.003183 -0.030578 -0.010245 0.999480 -0.575618 
1566536025345086655 1566536026845908014 0.999834 0.008672 -0.016021 9.498964 -0.009084 0.999625 -0.025826 -0.067861 0.015791 0.025967 0.999538 -0.150673 
1566536026945702136 1566536028448551433 0.999930 -0.010608 0.005300 9.790742 0.010671 0.999871 -0.011972 0.004265 -0.005173 0.012027 0.999914 -0.190611 
1566536028548535257 1566536030045431893 0.997419 -0.071760 -0.002462 9.762752 0.071701 0.997249 -0.018809 0.310182 0.003805 0.018584 0.999820 -0.295502 
1566536030145461931 1566536031745593252 0.943456 -0.329227 -0.038727 9.866037 0.329591 0.944118 0.003222 1.258772 0.035502 -0.015804 0.999245 -0.100389 
1566536031845907441 1566536033345777386 0.931918 -0.362374 -0.014643 9.372797 0.362381 0.932027 -0.002311 1.219708 0.014485 -0.003153 0.999890 -0.117310 
1566536033445891451 1566536034949012867 0.941541 -0.336888 0.002779 9.880850 0.336898 0.941526 -0.005305 1.047840 -0.000829 0.005931 0.999982 -0.220918 
1566536035048246342 1566536036446969224 0.996117 -0.079576 -0.037661 9.758233 0.080048 0.996728 0.011211 0.103180 0.036645 -0.014182 0.999228 0.080115 
1566536036546192404 1566536037748932161 0.999953 -0.000054 0.009696 9.302708 -0.000030 0.999963 0.008648 -0.011291 -0.009696 -0.008647 0.999916 -0.066408 
1566536037848807348 1566536038950382128 0.999930 0.011811 0.001195 9.389179 -0.011813 0.999928 0.002267 -0.056803 -0.001168 -0.002281 0.999997 -0.155129 
1566536039050093878 1566536040053187521 0.999948 0.010155 0.001147 9.209419 -0.010152 0.999943 -0.003232 -0.058438 -0.001180 0.003220 0.999994 -0.163748 
1566536040153199332 1566536041153372152 0.999954 0.009477 0.001392 9.794129 -0.009477 0.999955 0.000088 -0.057059 -0.001391 -0.000101 0.999999 -0.199877 
1566536041253435706 1566536042245769285 0.999747 0.021643 -0.006078 9.891392 -0.021708 0.999705 -0.010882 -0.126348 0.005841 0.011011 0.999922 -0.192923 
1566536042345682051 1566536043347192748 0.999299 0.037411 -0.001676 9.664809 -0.037394 0.999258 0.009187 -0.160432 0.002018 -0.009118 0.999956 -0.244797 
1566536043447170200 1566536044548126397 0.998483 0.054977 0.003126 9.780988 -0.054992 0.998474 0.004967 -0.203092 -0.002848 -0.005131 0.999983 -0.267905 
1566536044648737520 1566536045950203206 0.998586 0.051468 -0.013290 9.781070 -0.051446 0.998674 0.001946 -0.186387 0.013373 -0.001260 0.999910 -0.198308 
1566536046050273065 1566536047450070812 0.997747 0.067092 0.000681 9.782817 -0.067092 0.997746 0.001120 -0.241438 -0.000604 -0.001163 0.999999 -0.217524 
1566536047550119203 1566536048850510740 0.999035 0.042871 -0.009543 9.413206 -0.042893 0.999077 -0.002123 -0.143671 0.009443 0.002530 0.999952 -0.181040 
1566536048950110762 1566536050150110311 0.999115 0.041480 0.007025 9.347442 -0.041612 0.998937 0.019816 -0.126175 -0.006195 -0.020091 0.999779 -0.220700 
1566536050249622787 1566536051451386200 0.999017 0.044269 -0.002196 9.744920 -0.044272 0.999018 -0.001604 -0.164912 0.002123 0.001700 0.999996 -0.183554 
1566536051551448567 1566536052753079051 0.998987 0.044989 0.001148 9.741727 -0.044983 0.998976 -0.004831 -0.178977 -0.001364 0.004774 0.999988 -0.192273 
1566536052852974770 1566536054152929087 0.998815 0.047310 0.011385 10.099508 -0.047472 0.998769 0.014398 -0.151478 -0.010690 -0.014921 0.999832 -0.329426 
1566536054252583881 1566536055845487315 0.997487 0.056174 -0.043178 10.216596 -0.056032 0.998419 0.004492 -0.251697 0.043362 -0.002061 0.999057 0.095741 
1566536055945543930 1566536057445820280 0.997328 0.066627 0.029955 9.634865 -0.066019 0.997601 -0.020842 -0.258652 -0.031272 0.018808 0.999334 -0.089370 
1566536057545623069 1566536058946999133 0.998988 0.043596 -0.011089 9.818351 -0.043298 0.998728 0.025827 -0.078813 0.012201 -0.025321 0.999605 -0.172271 
1566536059046816344 1566536060250145577 0.999772 0.018589 0.010522 9.399136 -0.018551 0.999821 -0.003627 -0.078529 -0.010587 0.003430 0.999938 -0.226488 
1566536060350000261 1566536061449786060 0.999773 0.018957 -0.009744 9.472779 -0.019067 0.999754 -0.011306 -0.102485 0.009528 0.011489 0.999889 -0.132874 
1566536061550449686 1566536062550323962 0.998946 0.044279 0.012125 9.463241 -0.044328 0.999010 0.003804 -0.172442 -0.011944 -0.004337 0.999919 -0.282450 
1566536062650136897 1566536063551725226 0.998961 0.044901 -0.007826 9.139769 -0.044775 0.998877 0.015478 -0.141468 0.008512 -0.015112 0.999850 -0.173697 
1566536063651618995 1566536064545614431 0.998868 0.047561 0.000342 9.551144 -0.047545 0.998679 -0.019506 -0.231899 -0.001270 0.019467 0.999810 -0.214180 
1566536064645619598 1566536065547172119 0.998464 0.054827 0.008036 9.544957 -0.054809 0.998494 -0.002367 -0.202696 -0.008153 0.001922 0.999965 -0.306819 
1566536065647535076 1566536066547244700 0.998297 0.053941 -0.022235 9.371652 -0.053855 0.998539 0.004443 -0.203144 0.022442 -0.003238 0.999743 -0.048790 
1566536066648832915 1566536067549844275 0.998820 0.048528 0.001831 9.293818 -0.048516 0.998804 -0.006095 -0.226058 -0.002125 0.005999 0.999980 -0.225429 
1566536067649886638 1566536068545190883 0.998385 0.056652 -0.004172 9.311261 -0.056617 0.998364 0.008000 -0.227105 0.004618 -0.007751 0.999959 -0.185378 
1566536068646133323 1566536069545232429 0.997203 0.074023 0.010362 9.390538 -0.074090 0.997232 0.006218 -0.289063 -0.009873 -0.006968 0.999927 -0.231895 
1566536069645074893 1566536070545187454 0.997698 0.067798 0.001501 9.564700 -0.067806 0.997681 0.005989 -0.275737 -0.001091 -0.006077 0.999981 -0.335454 
1566536070645603317 1566536071545300367 0.999654 0.024724 -0.009028 9.583904 -0.024538 0.999496 0.020163 -0.079619 0.009522 -0.019935 0.999756 -0.184005 
1566536071645435907 1566536072544989421 0.999870 0.004087 -0.015628 9.212857 -0.004188 0.999971 -0.006429 -0.003153 0.015602 0.006494 0.999857 -0.119039 
1566536072644798592 1566536073645421271 0.998340 -0.057446 -0.004087 10.008514 0.057517 0.998141 0.020171 0.293271 0.002920 -0.020373 0.999788 -0.130933 
1566536073745553974 1566536074748129480 0.994885 -0.100334 0.011681 9.608278 0.100441 0.994903 -0.008931 0.381836 -0.010726 0.010058 0.999892 -0.213216 
1566536074848004342 1566536075952955624 0.983834 -0.179083 -0.000692 9.708723 0.179054 0.983733 -0.014432 0.646921 0.003265 0.014075 0.999896 -0.225636 
1566536076052826096 1566536077444547310 0.960346 -0.278785 0.003718 9.830960 0.278810 0.960284 -0.010960 1.085043 -0.000515 0.011562 0.999933 -0.242352 
1566536077544720613 1566536079449719457 0.915113 -0.403197 0.000420 9.587654 0.403194 0.915101 -0.005008 1.464910 0.001634 0.004752 0.999987 -0.333929 
1566536079549631714 1566536081249726229 0.946504 -0.322641 0.005673 9.445028 0.322688 0.946425 -0.012332 0.911265 -0.001390 0.013503 0.999908 -0.179921 
1566536081351298439 1566536082848401629 0.997773 -0.066643 0.002773 9.970823 0.066646 0.997776 -0.000758 0.095675 -0.002717 0.000941 0.999996 -0.215536 
1566536082947980159 1566536084251126229 0.999928 0.007296 -0.009574 9.607642 -0.007416 0.999894 -0.012560 -0.124851 0.009481 0.012630 0.999875 -0.155418 
1566536084345190974 1566536085545140180 0.999989 -0.002884 -0.003812 9.409379 0.002918 0.999956 0.008949 0.063660 0.003786 -0.008960 0.999953 -0.147199 
1566536085645432802 1566536086851745210 0.999998 0.001453 -0.001314 9.627288 -0.001452 0.999999 0.000319 0.005045 0.001315 -0.000317 0.999999 -0.210930 
1566536086951661300 1566536088144315563 0.999956 -0.009273 0.001100 10.030657 0.009268 0.999949 0.004045 0.023384 -0.001138 -0.004034 0.999991 -0.242354 
1566536088244923214 1566536089345151575 0.999986 0.004945 0.001869 9.455382 -0.004952 0.999981 0.003755 -0.036257 -0.001850 -0.003765 0.999991 -0.222374 
1566536089445200002 1566536090644654654 0.999895 0.010161 -0.010301 9.905675 -0.010280 0.999880 -0.011547 -0.077444 0.010183 0.011652 0.999880 -0.174631 
1566536090744797690 1566536091945477894 0.999875 0.003249 0.015493 10.034173 -0.003269 0.999994 0.001223 -0.042041 -0.015489 -0.001274 0.999879 -0.345118 
1566536092045698367 1566536093151313842 0.999935 -0.005007 -0.010218 9.419170 0.004955 0.999975 -0.005099 -0.005917 0.010244 0.005048 0.999935 -0.177287 
1566536093251396030 1566536094345045272 0.999991 0.002843 0.003253 9.415870 -0.002888 0.999898 0.014005 -0.009816 -0.003212 -0.014014 0.999897 -0.235767 
1566536094445026699 1566536095744784530 0.999938 0.007860 0.007943 9.693245 -0.007796 0.999938 -0.007943 -0.061673 -0.008005 0.007881 0.999937 -0.351210 
1566536095844640665 1566536097345826596 0.999520 0.009519 -0.029492 9.988486 -0.009145 0.999876 0.012797 -0.026147 0.029610 -0.012521 0.999483 -0.226685 
1566536097448141762 1566536099044707639 0.999159 0.040311 -0.007447 9.806447 -0.040439 0.999021 -0.017931 -0.236352 0.006717 0.018217 0.999811 -0.154363 
1566536099144500661 1566536100947879772 0.887905 0.459218 0.027259 9.592683 -0.459803 0.887762 0.021459 -1.934850 -0.014345 -0.031588 0.999398 -0.252215 
1566536101048450478 1566536102852863156 0.747290 0.664497 -0.001131 9.247309 -0.664338 0.747145 0.020726 -2.376164 0.014617 -0.014737 0.999785 -0.256628 
1566536102952865725 1566536104645261980 0.973575 0.228291 0.005896 10.031472 -0.228302 0.973589 0.001277 -0.538759 -0.005449 -0.002589 0.999982 -0.218106 
1566536104745142236 1566536106446814374 0.999372 0.035398 0.001314 9.799987 -0.035410 0.999326 0.009681 -0.044467 -0.000970 -0.009722 0.999952 -0.256818 
1566536106546819379 1566536109448271013 0.999990 0.003537 -0.002617 10.152539 -0.003527 0.999987 0.003758 -0.030425 0.002630 -0.003749 0.999990 -0.241368 
1566536109547541919 1566536112550669534 0.999602 0.026794 -0.008873 9.840283 -0.026642 0.999504 0.016806 0.203355 0.009319 -0.016563 0.999819 -0.161048 
1566536112651045255 1566536114444713014 0.998289 -0.058438 -0.001898 9.807710 0.058402 0.998174 -0.015439 0.076630 0.002797 0.015302 0.999879 -0.168514 
1566536114544506301 1566536115944995760 0.999952 -0.009579 0.002011 9.754174 0.009568 0.999940 0.005262 -0.006653 -0.002062 -0.005243 0.999984 -0.197066 
1566536116045046910 1566536117344653362 0.999962 0.008626 0.000825 9.945287 -0.008624 0.999959 -0.002634 -0.045149 -0.000847 0.002627 0.999996 -0.224587 
1566536117444679693 1566536118646645631 0.999754 0.022058 -0.002261 9.712197 -0.022080 0.999705 -0.010072 -0.129849 0.002038 0.010120 0.999947 -0.199334 
1566536118746969189 1566536119848186473 0.999566 0.020394 -0.021263 9.231753 -0.020493 0.999780 -0.004484 -0.090563 0.021167 0.004918 0.999764 -0.134289 
1566536119948139437 1566536121050872150 0.999877 -0.015469 0.002391 9.560790 0.015461 0.999875 0.003214 0.047598 -0.002440 -0.003177 0.999992 -0.180036 
1566536121150881083 1566536122252285779 0.999991 -0.004280 -0.000817 9.956541 0.004284 0.999978 0.005137 -0.000922 0.000795 -0.005140 0.999986 -0.182670 
1566536122352385698 1566536123352669914 0.999977 0.002621 0.006288 9.276615 -0.002693 0.999931 0.011418 -0.012417 -0.006258 -0.011435 0.999915 -0.261881 
1566536123452632806 1566536124544611865 0.999989 0.002075 -0.004264 9.801672 -0.002094 0.999988 -0.004436 -0.026926 0.004255 0.004445 0.999981 -0.201321 
1566536124644481464 1566536125748911362 0.999995 0.001425 0.002748 9.327537 -0.001466 0.999889 0.014842 -0.000245 -0.002727 -0.014846 0.999886 -0.254312 
1566536125849642491 1566536127145123252 0.999515 -0.030177 0.007626 9.812044 0.030037 0.999389 0.017892 0.237477 -0.008162 -0.017655 0.999811 -0.293343 
1566536127244981270 1566536128944566535 0.868818 -0.493930 0.034463 9.635125 0.495129 0.866902 -0.057694 2.228012 -0.001379 0.067189 0.997739 -0.351167 
1566536129044584726 1566536130743920985 0.894418 -0.446094 -0.031871 9.605908 0.446371 0.894846 0.001786 1.222086 0.027723 -0.015824 0.999490 -0.087167 
1566536130844703742 1566536132346249068 0.988836 -0.149003 0.001085 9.681573 0.148998 0.988829 0.004182 0.403963 -0.001696 -0.003973 0.999991 -0.159978 
1566536132446108846 1566536133746713735 0.999005 -0.043702 0.008886 9.598022 0.043837 0.998916 -0.015650 0.027948 -0.008193 0.016024 0.999838 -0.219323 
1566536133849018957 1566536135050902616 0.999753 0.019899 -0.009919 9.836011 -0.020101 0.999583 -0.020730 -0.148009 0.009502 0.020924 0.999736 -0.157239 
1566536135150956483 1566536136244255103 0.999824 0.017978 0.005328 9.775106 -0.017996 0.999832 0.003480 -0.056154 -0.005264 -0.003575 0.999980 -0.207115 
1566536136344320075 1566536137344512582 0.999907 0.013622 0.000895 9.532663 -0.013638 0.999692 0.020747 -0.011679 -0.000612 -0.020758 0.999784 -0.183920 
1566536137444193500 1566536138346122036 0.999959 0.005477 -0.007270 8.966794 -0.005594 0.999853 -0.016179 -0.038431 0.007180 0.016219 0.999843 -0.107746 
1566536138447623736 1566536139344412456 0.999932 0.001814 0.011497 9.251742 -0.001856 0.999992 0.003650 -0.012172 -0.011490 -0.003671 0.999927 -0.263060 
1566536139444535963 1566536140347703859 0.999956 -0.005891 -0.007356 9.408810 0.005815 0.999930 -0.010310 0.012727 0.007417 0.010267 0.999920 -0.146469 
1566536140447762017 1566536141347370876 0.999907 -0.008002 0.011070 9.297470 0.007973 0.999965 0.002670 0.031455 -0.011091 -0.002581 0.999935 -0.256107 
1566536141447068845 1566536142448293139 0.998075 -0.061736 -0.005841 9.929564 0.061846 0.997864 0.021022 0.340259 0.004531 -0.021343 0.999762 -0.197233 
1566536142549086944 1566536143550366602 0.991353 -0.131216 -0.001142 9.642672 0.131219 0.991254 0.014072 0.536788 -0.000715 -0.014101 0.999900 -0.249728 
1566536143650415921 1566536144650347223 0.996319 -0.085635 0.003790 9.675716 0.085662 0.996295 -0.007588 0.193013 -0.003126 0.007885 0.999964 -0.256642 
1566536144750667219 1566536145743807429 0.999982 -0.005615 -0.002134 9.423600 0.005603 0.999968 -0.005650 -0.058089 0.002166 0.005638 0.999982 -0.206921 
1566536145843916431 1566536146943784001 0.999683 0.018169 -0.017408 10.155015 -0.018017 0.999798 0.008852 -0.044779 0.017565 -0.008536 0.999809 -0.049949 
1566536147043763225 1566536148144502471 0.999702 -0.024145 -0.003501 9.968126 0.024135 0.999704 -0.002977 0.109665 0.003572 0.002892 0.999989 -0.123517 
1566536148248592826 1566536149350248654 0.996749 -0.079648 0.012161 9.711564 0.079812 0.996717 -0.013600 0.314039 -0.011038 0.014526 0.999834 -0.326760 
1566536149450341276 1566536150551595735 0.993777 -0.110987 -0.009474 9.444261 0.110867 0.993758 -0.012413 0.351439 0.010792 0.011285 0.999878 -0.158690 
1566536150651505004 1566536151743588161 0.991086 -0.133198 -0.002769 9.338196 0.133172 0.991061 -0.007991 0.442096 0.003809 0.007551 0.999964 -0.214915 
1566536151843629720 1566536152943115605 0.986967 -0.160846 -0.005042 9.438665 0.160882 0.986943 0.007764 0.566277 0.003727 -0.008474 0.999957 -0.184666 
1566536153043839306 1566536154143745145 0.991795 -0.127463 0.009738 9.325867 0.127472 0.991842 -0.000252 0.402425 -0.009626 0.001491 0.999953 -0.301557 
1566536154243925222 1566536155447357704 0.992747 -0.118070 -0.022639 9.697084 0.117921 0.992992 -0.007810 0.405962 0.023402 0.005084 0.999713 -0.152527 
1566536155547233271 1566536156748388017 0.989826 -0.142207 0.004630 9.242132 0.142254 0.989755 -0.012233 0.475093 -0.002843 0.012767 0.999914 -0.192896 
1566536156848428924 1566536158150725746 0.991511 -0.129956 -0.004104 9.660612 0.129874 0.991400 -0.016096 0.342322 0.006160 0.015427 0.999862 -0.213048 
1566536158251384694 1566536159551400461 0.996544 -0.082846 -0.006118 9.332975 0.082890 0.996533 0.007228 0.267012 0.005498 -0.007710 0.999955 -0.188025 
1566536159651407816 1566536161043416353 0.995046 -0.099413 0.000585 9.480935 0.099406 0.995023 0.006941 0.371628 -0.001272 -0.006848 0.999976 -0.272772 
1566536161143400899 1566536162545252257 0.992799 -0.119473 -0.008787 9.372390 0.119547 0.992793 0.008441 0.421693 0.007715 -0.009431 0.999926 -0.182162 
1566536162644194184 1566536164144264480 0.992583 -0.121562 0.001511 9.958529 0.121571 0.992489 -0.013651 0.394033 0.000160 0.013734 0.999906 -0.215548 
1566536164245058584 1566536165744930064 0.996558 -0.082699 0.005751 9.623682 0.082745 0.996536 -0.008355 0.213261 -0.005040 0.008802 0.999949 -0.239905 
1566536165845549981 1566536167446372367 0.997403 -0.071738 -0.006372 9.957376 0.071788 0.997387 0.008099 0.303171 0.005774 -0.008535 0.999947 -0.150665 
1566536167546291306 1566536169149667070 0.980440 -0.183725 0.070581 9.560271 0.184377 0.982852 -0.002780 0.716917 -0.068860 0.015739 0.997502 -0.667283 
1566536169249703918 1566536170749608638 0.973794 -0.227434 0.000100 9.800581 0.227387 0.973599 0.019986 0.642240 -0.004643 -0.019440 0.999800 -0.094519 
1566536170849798856 1566536172243086025 0.991194 -0.112958 -0.069107 10.052071 0.110989 0.993316 -0.031713 0.295905 0.072227 0.023763 0.997105 0.215466 
1566536172343017706 1566536173742812608 0.998231 -0.059448 0.000299 10.029170 0.059435 0.997873 -0.026765 0.183247 0.001293 0.026735 0.999642 -0.210540 
1566536173842215557 1566536175246194886 0.992743 -0.120237 0.001830 9.703003 0.120248 0.992711 -0.008103 0.416798 -0.000843 0.008264 0.999965 -0.180155 
1566536175346147618 1566536176742964409 0.976842 -0.212089 -0.028248 9.413335 0.212861 0.976685 0.027880 0.907713 0.021677 -0.033247 0.999212 -0.152776 
1566536176843281875 1566536178249149338 0.960427 -0.278429 -0.007498 9.589488 0.278423 0.960457 -0.001864 0.864668 0.007720 -0.000297 0.999970 -0.243935 
1566536178348583491 1566536179649169449 0.995414 -0.095664 -0.000331 9.656395 0.095653 0.995344 -0.011897 0.176351 0.001467 0.011810 0.999929 -0.194588 
1566536179749177079 1566536181150991664 0.999521 0.030219 -0.006686 10.072497 -0.030238 0.999539 -0.002793 -0.207464 0.006599 0.002994 0.999974 -0.179493 
1566536181251191169 1566536182743018079 0.996816 0.079229 0.008973 9.759797 -0.079042 0.996681 -0.019480 -0.407663 -0.010487 0.018709 0.999770 -0.313397 
1566536182842725817 1566536184744603917 0.837591 0.546175 0.011603 9.917741 -0.546297 0.837441 0.015863 -2.519830 -0.001053 -0.019625 0.999807 -0.335297 
1566536184844505896 1566536186646337889 0.814452 0.580226 0.002430 9.577261 -0.580211 0.814382 0.011666 -1.774364 0.004790 -0.010911 0.999929 -0.189400 
1566536186745996836 1566536188247379782 0.981246 0.192759 -0.001036 9.347889 -0.192762 0.981227 -0.006001 -0.561650 -0.000140 0.006088 0.999981 -0.212667 
1566536188347335657 1566536189749162669 0.999599 0.028128 0.003228 9.905951 -0.028134 0.999603 0.001602 -0.041177 -0.003182 -0.001692 0.999994 -0.185516 
1566536189849025096 1566536191249128411 0.999993 0.000243 0.003706 10.007758 -0.000243 1.000000 -0.000011 -0.018982 -0.003706 0.000010 0.999993 -0.259901 
1566536191348927272 1566536193043591940 0.996750 0.080007 0.009373 9.888922 -0.080175 0.996598 0.019076 -0.448167 -0.007815 -0.019766 0.999774 -0.308367 
1566536193145555072 1566536196244300568 0.819039 0.572589 -0.036285 9.877682 -0.571097 0.819698 0.044083 -2.414857 0.054984 -0.015383 0.998369 0.070364 
1566536196345653357 1566536198742288092 0.822044 0.569414 -0.003267 9.820146 -0.568862 0.820964 -0.049133 -2.106342 -0.025295 0.042248 0.998787 -0.213432 
1566536198842423425 1566536200543368084 0.994372 0.104103 0.019653 9.706306 -0.104233 0.994537 0.005708 -0.150872 -0.018952 -0.007725 0.999791 -0.102509 
1566536200644037752 1566536202042092090 0.997036 -0.076807 -0.004475 9.577764 0.076765 0.997010 -0.008788 0.317917 0.005136 0.008418 0.999951 -0.087047 
1566536202143857568 1566536203442472686 0.993137 -0.116186 -0.013372 9.715040 0.116260 0.993207 0.004930 0.353206 0.012708 -0.006451 0.999898 -0.104312 
1566536203542212651 1566536204743750421 0.991693 -0.128625 -0.000427 9.705613 0.128622 0.991637 0.010623 0.395648 -0.000943 -0.010589 0.999943 -0.204040 
1566536204843914495 1566536205944068246 0.992681 -0.120760 -0.001159 9.455157 0.120756 0.992677 -0.003081 0.362853 0.001522 0.002918 0.999995 -0.182238 
1566536206043945211 1566536207143736244 0.994226 -0.107235 -0.003938 9.883794 0.107212 0.994219 -0.005785 0.336541 0.004536 0.005329 0.999976 -0.134997 
1566536207243230698 1566536208242763162 0.996069 -0.087527 0.013596 9.312116 0.087560 0.996158 -0.001862 0.292694 -0.013381 0.003045 0.999906 -0.241934 
1566536208343665076 1566536209343728862 0.996423 -0.084006 -0.009137 9.597861 0.083942 0.996444 -0.007246 0.248430 0.009713 0.006453 0.999932 -0.168712 
1566536209443562093 1566536210444164077 0.995229 -0.097384 0.006012 9.875963 0.097296 0.995164 0.013524 0.400344 -0.007300 -0.012875 0.999890 -0.261035 
1566536210543913175 1566536211444091977 0.990444 -0.137524 -0.010349 9.117757 0.137397 0.990442 -0.012116 0.465620 0.011917 0.010578 0.999873 -0.150448 
1566536211543920193 1566536212448129702 0.993026 -0.117854 -0.003221 9.382161 0.117768 0.992841 -0.019935 0.340632 0.005547 0.019417 0.999796 -0.200731 
1566536212548109353 1566536213448727543 0.994729 -0.102411 -0.005112 9.591938 0.102452 0.994702 0.008497 0.360814 0.004215 -0.008976 0.999951 -0.170420 
1566536213548451277 1566536214448625319 0.996698 -0.081186 0.001588 9.825950 0.081196 0.996667 -0.007832 0.273447 -0.000947 0.007935 0.999968 -0.196878 
1566536214548337747 1566536215448777821 0.999612 -0.026750 -0.007812 10.020181 0.026716 0.999634 -0.004306 0.037341 0.007924 0.004095 0.999960 -0.180288 
1566536215548217472 1566536216449730466 0.999982 -0.005224 0.002839 10.071228 0.005200 0.999953 0.008195 0.015627 -0.002882 -0.008180 0.999962 -0.228880 
1566536216549747647 1566536217443268590 0.999984 0.005304 -0.001892 10.047768 -0.005303 0.999986 0.000589 -0.029632 0.001895 -0.000579 0.999998 -0.155550 
1566536217543408957 1566536218345598035 0.999989 0.004584 -0.001012 8.978310 -0.004579 0.999979 0.004619 -0.030214 0.001033 -0.004614 0.999989 -0.167564 
1566536218445299385 1566536219245174798 0.999997 -0.002334 -0.000831 8.985021 0.002326 0.999954 -0.009257 -0.023139 0.000852 0.009255 0.999957 -0.178928 
1566536219345097643 1566536220146601584 0.999990 -0.003753 -0.002316 8.977415 0.003750 0.999992 -0.001586 0.007945 0.002322 0.001577 0.999996 -0.175508 
1566536220246608672 1566536221048387626 0.999990 0.002547 0.003551 9.037191 -0.002522 0.999972 -0.007028 -0.047556 -0.003569 0.007018 0.999969 -0.217221 
1566536221148423957 1566536222048116447 0.999999 0.000129 -0.001297 9.971276 -0.000120 0.999978 0.006607 0.004760 0.001298 -0.006607 0.999977 -0.230718 
1566536222148087073 1566536223041746448 0.999990 0.000279 -0.004553 9.877317 -0.000292 0.999996 -0.002808 -0.040464 0.004552 0.002809 0.999986 -0.205229 
1566536223141631759 1566536224043772544 0.999980 0.005428 0.003141 9.582679 -0.005454 0.999950 0.008343 -0.021358 -0.003095 -0.008360 0.999960 -0.261456 
1566536224143863438 1566536225245363345 0.999979 0.005668 0.003148 9.808646 -0.005651 0.999970 -0.005246 -0.042042 -0.003178 0.005228 0.999981 -0.308888 
1566536225345284341 1566536226841906359 0.999775 -0.006159 -0.020289 9.851685 0.006232 0.999974 0.003521 0.017878 0.020266 -0.003647 0.999788 -0.147653 
1566536226941833035 1566536228342365122 0.999862 -0.005468 0.015717 9.458895 0.005459 0.999985 0.000578 -0.010130 -0.015720 -0.000492 0.999876 -0.145042 
1566536228442158703 1566536229843851590 0.999951 0.009875 -0.000995 9.891832 -0.009895 0.999689 -0.022882 -0.104000 0.000769 0.022891 0.999738 -0.195916 
1566536229945465225 1566536231545283227 0.999076 0.015357 -0.040141 9.633812 -0.014638 0.999728 0.018162 -0.042895 0.040409 -0.017558 0.999029 0.130767 
1566536231644904867 1566536233246228313 0.999521 -0.003719 0.030738 9.465273 0.003384 0.999934 0.010962 0.016815 -0.030777 -0.010853 0.999467 -0.106411 
1566536233346341215 1566536234844842692 0.999984 -0.005593 0.001201 9.863931 0.005584 0.999957 0.007406 0.004028 -0.001242 -0.007400 0.999972 -0.203753 
1566536234944979067 1566536236341750299 0.999998 -0.001736 -0.000329 9.830685 0.001731 0.999906 -0.013634 -0.020815 0.000353 0.013633 0.999907 -0.229074 
1566536236441721438 1566536237941350597 0.999926 -0.006948 -0.009961 9.580019 0.006950 0.999976 0.000144 0.011665 0.009960 -0.000213 0.999950 -0.170974 
1566536238041462731 1566536239642724088 0.999877 -0.005293 0.014783 9.902231 0.005287 0.999986 0.000426 0.009042 -0.014785 -0.000348 0.999891 -0.050657 
1566536239743132160 1566536241144630870 0.999913 -0.004874 0.012229 9.420731 0.004892 0.999987 -0.001461 -0.017573 -0.012222 0.001521 0.999924 -0.194982 
1566536241244696998 1566536242549351801 0.999809 -0.018602 -0.006044 9.398620 0.018601 0.999827 -0.000296 0.076791 0.006049 0.000183 0.999982 -0.173429 
1566536242648655849 1566536243941021395 0.990744 -0.135742 -0.000111 9.773993 0.135741 0.990737 0.003768 0.573740 -0.000402 -0.003748 0.999993 -0.194421 
1566536244041053318 1566536245241594757 0.987005 -0.160683 -0.001224 9.417429 0.160679 0.987003 -0.002895 0.545386 0.001673 0.002661 0.999995 -0.206018 
1566536245341971259 1566536246541371845 0.994636 -0.103409 -0.002539 9.853780 0.103384 0.994606 -0.008448 0.271516 0.003399 0.008140 0.999961 -0.192618 
1566536246641391015 1566536247741640585 0.999438 -0.033534 0.000311 9.384664 0.033533 0.999437 0.001443 0.057623 -0.000359 -0.001432 0.999999 -0.201566 
1566536247841788597 1566536248944264443 0.999908 0.013397 -0.002122 9.658528 -0.013409 0.999894 -0.005740 -0.114777 0.002044 0.005768 0.999981 -0.217729 
1566536249044310368 1566536250144574662 0.999649 0.026471 -0.000462 9.667615 -0.026472 0.999648 -0.001897 -0.122031 0.000411 0.001908 0.999998 -0.193432 
1566536250244282406 1566536251347513455 0.998166 0.060478 0.002622 9.410726 -0.060461 0.998151 -0.006202 -0.239930 -0.002993 0.006032 0.999977 -0.225669 
1566536251447499420 1566536252647562709 0.992321 0.123319 0.009544 9.734387 -0.123453 0.992238 0.014969 -0.476187 -0.007624 -0.016033 0.999842 -0.304141 
1566536252747687445 1566536254247785863 0.991678 0.128679 -0.004138 9.968238 -0.128684 0.991685 -0.001112 -0.489442 0.003960 0.001635 0.999991 -0.226217 
1566536254346960583 1566536256241428148 0.999176 0.039358 0.009953 9.811897 -0.039331 0.999222 -0.002958 -0.037834 -0.010061 0.002564 0.999946 -0.244993 
1566536256341235082 1566536258844314100 0.897250 -0.441353 -0.012239 9.621124 0.441437 0.897277 0.005211 2.122209 0.008682 -0.010079 0.999912 -0.172452 
1566536258944609959 1566536261141199491 0.713488 -0.700668 0.000304 9.525254 0.700497 0.713305 -0.022360 2.644696 0.015450 0.016166 0.999750 -0.083333 
1566536261241154268 1566536262944139242 0.987624 -0.156656 -0.007646 10.032687 0.156561 0.987598 -0.011789 0.106133 0.009398 0.010446 0.999901 -0.135671 
1566536263044381026 1566536264444710234 0.999970 0.007354 -0.002423 9.889245 -0.007346 0.999968 0.003243 -0.035559 0.002447 -0.003225 0.999992 -0.152221 
1566536264544881247 1566536265745823086 0.999964 -0.008284 -0.001702 9.565804 0.008288 0.999963 0.002271 0.030124 0.001683 -0.002285 0.999996 -0.135059 
1566536265847227389 1566536266940919548 0.999937 -0.010573 0.003807 9.606419 0.010572 0.999944 0.000107 -0.001044 -0.003808 -0.000066 0.999993 -0.204978 
1566536267040799969 1566536268140981397 0.999992 0.003365 0.002212 9.983794 -0.003362 0.999993 -0.001320 -0.038498 -0.002216 0.001312 0.999997 -0.225168 
1566536268241005725 1566536269341253913 0.999740 0.022270 -0.004813 9.890923 -0.022268 0.999752 0.000627 -0.118995 0.004825 -0.000520 0.999988 -0.217373 
1566536269441250512 1566536270545497537 0.999981 -0.002943 0.005387 9.804806 0.002946 0.999995 -0.000599 0.022339 -0.005385 0.000615 0.999985 -0.272707 
1566536270647276498 1566536271749102231 0.999893 -0.004113 -0.014007 9.970403 0.004102 0.999991 -0.000804 -0.030115 0.014011 0.000746 0.999902 -0.154189 
1566536271848950062 1566536272941090333 0.999997 0.000145 0.002246 9.852710 -0.000155 0.999991 0.004250 -0.024915 -0.002246 -0.004250 0.999988 -0.256182 
1566536273040847696 1566536274140947908 0.999971 -0.001127 0.007593 9.483579 0.001111 0.999997 0.002059 0.001908 -0.007595 -0.002051 0.999969 -0.257079 
1566536274241302997 1566536275343021229 0.998931 -0.006208 0.045799 9.328685 0.006100 0.999978 0.002491 0.011133 -0.045814 -0.002209 0.998948 -0.669936 
1566536275442980672 1566536276542688338 0.999158 -0.027143 -0.030778 9.536320 0.026912 0.999607 -0.007911 0.076641 0.030981 0.007076 0.999495 -0.188155 
1566536276642731359 1566536277745438801 0.999398 -0.033110 -0.010387 10.019203 0.033166 0.999436 0.005257 0.099066 0.010207 -0.005598 0.999932 -0.151102 
1566536277845456567 1566536278847110519 0.999885 -0.015149 0.000868 9.471787 0.015153 0.999870 -0.005433 0.007050 -0.000785 0.005445 0.999985 -0.163158 
1566536278947157990 1566536279940567210 0.999940 0.001181 0.010914 9.687285 -0.001161 0.999998 -0.001785 -0.032725 -0.010916 0.001772 0.999939 -0.213335 
1566536280040572326 1566536281040827534 0.999961 -0.006850 -0.005646 9.672169 0.006849 0.999977 -0.000028 0.006166 0.005646 -0.000011 0.999984 -0.189040 
1566536281141268685 1566536282140636495 0.999975 -0.006568 -0.002589 9.506063 0.006575 0.999975 0.002723 0.000286 0.002571 -0.002740 0.999993 -0.192528 
1566536282240917342 1566536283241037321 0.999973 -0.006577 0.003259 9.355288 0.006590 0.999970 -0.003956 -0.004828 -0.003233 0.003978 0.999987 -0.231920 
1566536283341056159 1566536284340826216 0.999973 0.000861 -0.007331 9.190702 -0.000890 0.999992 -0.003881 -0.031945 0.007328 0.003888 0.999966 -0.165684 
1566536284441570008 1566536285544060054 0.999826 0.012714 -0.013638 10.033035 -0.012522 0.999823 0.014068 -0.052851 0.013814 -0.013895 0.999808 -0.095862 
1566536285643985151 1566536286644318900 0.999484 0.009535 0.030688 9.138670 -0.009301 0.999926 -0.007783 -0.064792 -0.030760 0.007493 0.999499 -0.263902 
1566536286743758992 1566536287743751035 0.999853 0.008334 -0.015015 9.159740 -0.008496 0.999906 -0.010728 -0.088633 0.014924 0.010854 0.999830 -0.200040 
1566536287844071617 1566536288947189839 0.999595 0.028409 -0.001662 9.792093 -0.028401 0.999585 0.004727 -0.125436 0.001796 -0.004678 0.999987 -0.228581 
1566536289045670843 1566536290147046585 0.999954 0.007682 0.005675 9.522849 -0.007658 0.999962 -0.004234 -0.058203 -0.005707 0.004190 0.999975 -0.356379 
1566536290247223152 1566536291348438381 0.998777 -0.000457 -0.049437 9.794940 0.000303 0.999995 -0.003122 -0.023876 0.049438 0.003103 0.998772 -0.110459 
1566536291448277634 1566536292448291132 0.999899 -0.014133 0.001265 9.274807 0.014131 0.999898 0.002176 0.050781 -0.001296 -0.002158 0.999997 -0.151490 
1566536292548374457 1566536293640700166 0.999854 -0.017079 0.000786 10.144430 0.017081 0.999848 -0.003453 0.028952 -0.000727 0.003466 0.999994 -0.224785 
1566536293740092559 1566536294840583406 0.998810 -0.001146 -0.048751 9.588689 0.001297 0.999994 0.003075 -0.014128 0.048747 -0.003134 0.998806 0.105593 
1566536294940648144 1566536296040839491 0.999924 0.010614 0.006278 9.464948 -0.010609 0.999943 -0.000753 -0.063781 -0.006286 0.000687 0.999980 -0.101298 
1566536296141075728 1566536297240524007 0.999922 0.010447 0.006870 9.646966 -0.010503 0.999912 0.008156 -0.043555 -0.006784 -0.008227 0.999943 -0.219341 
1566536297340612235 1566536298440847788 0.999935 0.011197 -0.002054 9.787801 -0.011191 0.999934 0.002774 -0.039967 0.002085 -0.002751 0.999994 -0.213153 
1566536298540832802 1566536299640860070 0.999958 0.009139 0.000719 9.783425 -0.009143 0.999942 0.005747 -0.028257 -0.000667 -0.005753 0.999983 -0.231020 
1566536299742562596 1566536300842249840 0.999912 -0.004422 0.012517 9.472230 0.004432 0.999990 -0.000787 -0.017161 -0.012513 0.000842 0.999921 -0.390333 
1566536300941376615 1566536302043862030 0.998249 0.018141 -0.056297 9.720109 -0.017745 0.999814 0.007526 -0.061642 0.056423 -0.006514 0.998386 -0.109735 
1566536302144042128 1566536303145353000 0.999580 0.028954 0.001301 9.198117 -0.028949 0.999574 -0.003726 -0.112495 -0.001408 0.003686 0.999992 -0.203981 
1566536303245269651 1566536304245355941 0.999849 0.017287 -0.001728 9.549685 -0.017276 0.999832 0.006087 -0.037107 0.001833 -0.006056 0.999980 -0.160742 
1566536304345091525 1566536305348183222 0.999984 0.004146 0.003832 9.714333 -0.004146 0.999991 0.000116 -0.019424 -0.003831 -0.000132 0.999993 -0.227830 
1566536305440391191 1566536306440426897 0.999958 0.001235 -0.009085 9.489138 -0.001234 0.999999 0.000123 -0.000303 0.009085 -0.000112 0.999959 -0.153217 
1566536306540463245 1566536307540130494 0.999808 0.002758 -0.019421 9.506669 -0.002857 0.999983 -0.005057 -0.008173 0.019406 0.005112 0.999799 0.068716 
1566536307640130249 1566536308640629102 0.999933 -0.000503 0.011602 9.741331 0.000509 1.000000 -0.000525 0.002677 -0.011602 0.000531 0.999933 -0.231759 
1566536308740220718 1566536309740281930 0.999973 0.007287 0.000259 9.640922 -0.007285 0.999952 -0.006606 -0.067865 -0.000307 0.006604 0.999978 -0.218551 
1566536309840569257 1566536310843276584 0.999195 0.020538 -0.034456 9.209614 -0.020594 0.999787 -0.001292 -0.084362 0.034422 0.002001 0.999405 0.027020 
1566536310943451576 1566536311948080920 0.999607 0.009694 0.026297 9.205727 -0.009744 0.999951 0.001794 -0.052611 -0.026278 -0.002049 0.999653 -0.216459 
1566536312048219075 1566536313039867940 0.999386 0.034510 -0.006000 9.310087 -0.034489 0.999398 0.003631 -0.143311 0.006121 -0.003421 0.999975 -0.176382 
1566536313140086502 1566536314241555975 0.999636 0.026472 -0.005279 9.929000 -0.026480 0.999648 -0.001500 -0.091049 0.005237 0.001639 0.999985 -0.211916 
1566536314341544121 1566536315446522132 0.999706 0.015426 -0.018700 9.550857 -0.015469 0.999878 -0.002147 -0.086515 0.018665 0.002436 0.999823 -0.010050 
1566536315546368005 1566536316647157066 0.999377 0.026362 0.023466 9.788810 -0.026422 0.999648 0.002227 -0.119970 -0.023399 -0.002846 0.999722 -0.245156 
1566536316747761065 1566536317840170513 0.999860 0.016034 -0.004709 9.702088 -0.016035 0.999871 -0.000243 -0.072236 0.004704 0.000318 0.999989 -0.199120 
1566536317939758982 1566536319039822797 0.999759 0.005786 -0.021196 9.806125 -0.005806 0.999983 -0.000849 -0.008323 0.021191 0.000972 0.999775 0.040573 
1566536319139485054 1566536320139205297 0.999487 0.029896 0.011463 9.205616 -0.029945 0.999543 0.004150 -0.148480 -0.011333 -0.004492 0.999926 -0.194565 
1566536320241321247 1566536321339554943 0.999653 0.026131 0.003355 9.892259 -0.026132 0.999658 0.000470 -0.102212 -0.003342 -0.000558 0.999994 -0.217832 
1566536321439903339 1566536322544784904 0.999983 -0.004211 0.004057 9.659914 0.004219 0.999989 -0.002031 0.005552 -0.004048 0.002048 0.999990 -0.253868 
1566536322644909081 1566536323840301104 0.999659 -0.026065 -0.001653 9.971306 0.026061 0.999657 -0.002460 0.096056 0.001717 0.002417 0.999996 -0.251278 
1566536323940196777 1566536325440010063 0.998825 -0.004481 -0.048254 9.972417 0.004255 0.999980 -0.004768 -0.071011 0.048275 0.004557 0.998824 0.097418 
1566536325539696921 1566536327139871240 0.999312 0.026274 0.026190 9.822304 -0.026365 0.999648 0.003126 -0.082597 -0.026099 -0.003814 0.999652 -0.136626 
1566536327239943546 1566536329044729226 0.996582 -0.082383 0.006158 9.808830 0.082305 0.996536 0.011930 0.522604 -0.007120 -0.011383 0.999910 -0.304026 
1566536329144746891 1566536331548020341 0.667566 -0.744392 0.015407 9.216806 0.744525 0.667225 -0.022236 3.545476 0.006273 0.026315 0.999634 -0.268475 
1566536331639887764 1566536333846292532 0.720546 -0.693407 -0.000290 9.634614 0.692792 0.719926 -0.041783 1.389043 0.029181 0.029906 0.999127 -0.264897 
1566536333946501453 1566536335646188373 0.999006 -0.033296 -0.029640 9.512610 0.033579 0.999395 0.009095 -0.022156 0.029319 -0.010081 0.999519 -0.176538 
1566536335746324745 1566536337246471389 0.999951 0.009670 0.002046 9.769876 -0.009637 0.999835 -0.015410 -0.076004 -0.002195 0.015390 0.999879 -0.218713 
1566536337346270156 1566536338739957756 0.999936 0.000549 -0.011330 10.060045 -0.000705 0.999905 -0.013788 -0.029088 0.011321 0.013795 0.999841 -0.169366 
1566536338839144002 1566536340040256535 0.999965 0.001636 0.008215 9.234411 -0.001498 0.999859 -0.016739 -0.072328 -0.008241 0.016726 0.999826 -0.244071 
1566536340139889972 1566536341440071913 0.999937 0.010212 0.004760 9.730805 -0.010304 0.999752 0.019731 -0.036317 -0.004557 -0.019778 0.999794 -0.219823 
1566536341540008904 1566536343039610833 0.999826 -0.002836 -0.018460 9.919421 0.002931 0.999983 0.005118 0.010250 0.018445 -0.005171 0.999817 -0.079419 
1566536343140113564 1566536344840133361 0.999234 -0.015409 0.035976 9.960850 0.015342 0.999880 0.002152 -0.011266 -0.036005 -0.001598 0.999350 -0.496661 
1566536344940020481 1566536346539815976 0.998881 0.011730 -0.045815 9.556903 -0.011650 0.999930 0.002015 -0.095221 0.045835 -0.001479 0.998948 -0.221030 
1566536346640123985 1566536348143300051 0.999985 0.000963 0.005327 9.430007 -0.000956 0.999999 -0.001393 0.014417 -0.005328 0.001388 0.999985 -0.227550 
1566536348245059352 1566536349846238303 0.999702 -0.002598 0.024271 9.515759 0.002372 0.999954 0.009334 -0.007722 -0.024294 -0.009273 0.999662 -0.543007 
1566536349946185581 1566536351547529580 0.999956 0.005235 -0.007824 9.541082 -0.005454 0.999587 -0.028207 -0.058401 0.007673 0.028249 0.999571 -0.164067 
1566536351649088337 1566536353444862771 0.999904 0.002991 0.013560 9.801382 -0.002838 0.999932 -0.011327 -0.060033 -0.013593 0.011288 0.999844 -0.294084 
1566536353544798804 1566536355547453116 0.998431 -0.055122 -0.009870 9.943478 0.054884 0.998228 -0.023006 0.216927 0.011121 0.022429 0.999687 -0.273610 
1566536355647451701 1566536359141846050 0.921378 -0.386069 -0.044873 9.948267 0.386379 0.922338 -0.001897 1.450299 0.042121 -0.015591 0.998991 -0.041777 
1566536359241462911 1566536362148018782 0.943107 -0.332126 -0.015560 9.539841 0.332181 0.943215 0.001031 1.015056 0.014334 -0.006141 0.999878 -0.102128 
1566536362247742010 1566536364141931370 0.945606 -0.325307 0.002236 9.655991 0.325312 0.945604 -0.002243 1.045932 -0.001385 0.002849 0.999995 -0.214292 
1566536364241596833 1566536365944781315 0.991102 -0.130334 -0.027001 9.893235 0.130756 0.991309 0.014466 0.222848 0.024880 -0.017868 0.999531 -0.003525 
1566536366044780929 1566536367548247911 0.999860 0.005819 0.015679 9.271995 -0.005937 0.999954 0.007521 -0.042231 -0.015634 -0.007613 0.999849 -0.077077 
1566536367648399005 1566536369039824985 0.999980 -0.006108 0.001332 9.560567 0.006102 0.999971 0.004561 0.049034 -0.001360 -0.004553 0.999989 -0.162958 
1566536369139784733 1566536370540154980 0.999981 -0.000677 0.006136 9.744848 0.000709 0.999986 -0.005227 -0.051441 -0.006132 0.005232 0.999968 -0.226802 
1566536370640043833 1566536372141601342 0.999923 0.012205 0.002045 10.005916 -0.012210 0.999922 0.002544 -0.056951 -0.002014 -0.002569 0.999995 -0.257938 
1566536372243155368 1566536373847960540 0.999523 0.030076 -0.007005 9.555353 -0.030114 0.999532 -0.005361 -0.137999 0.006840 0.005569 0.999961 -0.197649 
1566536373947202213 1566536375939824125 0.999122 0.041645 -0.004473 9.953359 -0.041608 0.999100 0.008214 -0.153432 0.004811 -0.008021 0.999956 -0.263578 
1566536376039883824 1566536378540246043 0.998143 0.060837 -0.003099 9.825307 -0.060819 0.998133 0.005585 -0.210765 0.003432 -0.005386 0.999980 -0.216473 
1566536378640768272 1566536381341676061 0.999070 0.043103 -0.000580 9.665920 -0.043105 0.999058 -0.004916 -0.125754 0.000368 0.004937 0.999988 -0.184731 
1566536381441110740 1566536384141846531 0.998446 0.055714 0.001574 9.838891 -0.055726 0.998403 0.009299 -0.217023 -0.001053 -0.009372 0.999956 -0.215475 
1566536384241709237 1566536386643298846 0.997332 0.072863 -0.004508 9.767426 -0.072918 0.997244 -0.013710 -0.275844 0.003496 0.014002 0.999896 -0.196784 
1566536386747777115 1566536389040021770 0.998719 0.050594 0.001274 9.894431 -0.050608 0.998558 0.017908 -0.119118 -0.000367 -0.017950 0.999839 -0.249819 
1566536389139959600 1566536391040293271 0.999623 0.027253 -0.003264 9.554418 -0.027224 0.999592 0.008628 -0.048234 0.003498 -0.008536 0.999957 -0.150319 
1566536391141148172 1566536393547825756 0.999874 0.011661 0.010781 10.113462 -0.011545 0.999876 -0.010748 -0.074690 -0.010905 0.010622 0.999884 -0.285367 
1566536393647388703 1566536397140093170 0.997916 0.064087 -0.007500 10.056686 -0.064009 0.997897 0.010265 -0.230989 0.008142 -0.009763 0.999919 -0.198735 
1566536397240096342 1566536401143323902 0.997186 0.074895 0.003394 10.054453 -0.074877 0.997179 -0.005195 -0.320998 -0.003774 0.004926 0.999981 -0.208974 
1566536401243436768 1566536403739992010 0.997411 0.070937 0.011817 9.747234 -0.070970 0.997476 0.002356 -0.260960 -0.011620 -0.003189 0.999927 -0.227389 
1566536403839922113 1566536406444780960 0.999216 0.037188 -0.013566 10.034544 -0.036964 0.999181 0.016439 -0.041133 0.014166 -0.015925 0.999773 -0.178022 
1566536406544935117 1566536409040206341 0.998692 -0.050008 0.010610 9.754191 0.050033 0.998745 -0.002087 0.172129 -0.010492 0.002615 0.999942 -0.294796 
1566536409140198067 1566536411839766432 0.998412 0.056039 0.005836 9.758170 -0.056047 0.998427 0.001203 -0.340034 -0.005760 -0.001528 0.999982 -0.261431 
1566536411940397949 1566536414448043482 0.994499 0.104295 -0.009683 9.825978 -0.104416 0.994449 -0.012976 -0.317550 0.008276 0.013916 0.999869 -0.160463 
1566536414547945417 1566536416940114935 0.999984 0.002356 -0.005179 9.963879 -0.002225 0.999681 0.025170 0.059799 0.005237 -0.025159 0.999670 -0.173017 
1566536417040243013 1566536419040344435 0.994139 0.107857 0.007365 9.768002 -0.107715 0.994029 -0.017445 -0.443159 -0.009203 0.016550 0.999821 -0.236165 
1566536419140301499 1566536420639941813 0.999431 0.030550 -0.014314 9.588010 -0.030299 0.999389 0.017447 -0.086986 0.014838 -0.017004 0.999745 -0.122738 
1566536420740059250 1566536422140217161 0.998726 0.047093 0.018153 9.809971 -0.047024 0.998885 -0.004199 -0.195004 -0.018331 0.003340 0.999826 -0.339075 
1566536422240426051 1566536423643379175 0.998848 0.041317 -0.024384 9.813195 -0.041589 0.999077 -0.010748 -0.179955 0.023917 0.011750 0.999645 -0.162136 
1566536423744956814 1566536425147942925 0.997701 0.067708 -0.002717 9.974423 -0.067710 0.997705 -0.000801 -0.320293 0.002657 0.000983 0.999996 -0.238056 
1566536425248054138 1566536426540117173 0.994760 0.102233 -0.000731 9.550898 -0.102226 0.994739 0.006635 -0.376818 0.001405 -0.006526 0.999978 -0.231193 
1566536426640062845 1566536428039956018 0.998152 0.059827 -0.010640 9.955869 -0.059616 0.998037 0.019185 -0.172147 0.011767 -0.018515 0.999759 -0.106703 
1566536428140295523 1566536429742306127 0.998714 0.048948 0.013227 10.096756 -0.048988 0.998796 0.002734 -0.202320 -0.013077 -0.003378 0.999909 -0.280501 
1566536429842166207 1566536431540078237 0.999207 0.038782 -0.008970 9.892639 -0.038866 0.999200 -0.009402 -0.087798 0.008598 0.009743 0.999916 -0.177422 
1566536431640133810 1566536433340304608 0.999324 -0.036697 -0.002081 9.905761 0.036711 0.999299 0.007309 0.199545 0.001812 -0.007381 0.999971 -0.239609 
1566536433440526407 1566536435040239264 0.984293 -0.176416 0.006672 9.590630 0.176193 0.984020 0.025702 0.733155 -0.011099 -0.024122 0.999647 -0.320939 
1566536435140352069 1566536436743262010 0.984174 -0.176929 -0.009894 9.621193 0.176722 0.984080 -0.018891 0.505043 0.013078 0.016843 0.999773 -0.261267 
1566536436844778977 1566536438546013118 0.976568 -0.214965 -0.010231 10.000834 0.214924 0.976618 -0.004914 0.841329 0.011049 0.002600 0.999936 -0.147915 
1566536438646100168 1566536440446635791 0.967201 -0.253814 0.010080 9.943257 0.253918 0.967165 -0.010882 0.883873 -0.006987 0.013084 0.999890 -0.199811 
1566536440546075342 1566536442339383321 0.942802 -0.333339 -0.003046 9.712121 0.333334 0.942807 -0.001942 1.199307 0.003519 0.000816 0.999993 -0.221034 
1566536442439495040 1566536444040065166 0.959173 -0.282747 0.006436 9.570373 0.282809 0.959090 -0.012868 0.732804 -0.002534 0.014162 0.999896 -0.207954 
1566536444139955504 1566536445639879197 0.999651 -0.026418 -0.000642 9.837036 0.026406 0.999558 -0.013659 -0.064061 0.001003 0.013637 0.999907 -0.193516 
1566536445739853574 1566536447141919836 0.999916 0.012903 -0.000858 9.837066 -0.012906 0.999911 -0.003253 -0.117486 0.000816 0.003264 0.999994 -0.264341 
1566536447243201743 1566536448542986019 0.999949 -0.007544 -0.006698 9.522028 0.007567 0.999966 0.003375 0.029741 0.006672 -0.003425 0.999972 -0.186116 
1566536448643021386 1566536449942729502 0.999999 -0.000358 0.001229 9.427444 0.000370 0.999953 -0.009686 -0.022048 -0.001225 0.009686 0.999952 -0.216799 
1566536450044235970 1566536451439850905 0.999968 0.007755 0.001991 9.962442 -0.007764 0.999959 0.004727 -0.029162 -0.001954 -0.004742 0.999987 -0.240063 
1566536451539584343 1566536452942383646 0.999943 0.007865 -0.007242 9.517829 -0.007841 0.999964 0.003356 -0.036264 0.007268 -0.003299 0.999968 -0.196458 
1566536453042682843 1566536454645989146 0.999999 0.001485 -0.000655 9.935121 -0.001493 0.999919 -0.012616 -0.051066 0.000636 0.012617 0.999920 -0.250230 
1566536454745887350 1566536456941600635 0.999994 -0.002747 -0.002050 10.167074 0.002752 0.999993 0.002525 -0.009826 0.002043 -0.002531 0.999995 -0.222531 
1566536457041509741 1566536461739565803 0.999991 0.000724 -0.004254 10.131435 -0.000735 0.999996 -0.002552 -0.015895 0.004253 0.002555 0.999988 -0.190575 
1566536461839523831 1566536465339486684 0.999995 -0.002965 -0.000959 9.674087 0.002979 0.999889 0.014630 0.037055 0.000915 -0.014633 0.999893 -0.187181 
1566536465438995365 1566536468639457083 0.999964 -0.008538 -0.000235 9.758381 0.008538 0.999963 0.000877 -0.025098 0.000227 -0.000879 1.000000 -0.202866 
1566536468739390823 1566536471439267202 0.999998 0.002006 -0.000308 9.880036 -0.002008 0.999981 -0.005822 -0.020628 0.000297 0.005822 0.999983 -0.212567 
1566536471539469253 1566536473543953617 0.999973 -0.000637 -0.007259 9.463216 0.000600 0.999987 -0.005136 -0.001033 0.007262 0.005131 0.999960 -0.150403 
1566536473644128291 1566536475339476747 0.999980 -0.003107 0.005454 9.872752 0.003100 0.999994 0.001381 0.015971 -0.005458 -0.001365 0.999984 -0.242421 
1566536475439527113 1566536476942662597 0.999613 0.004618 -0.027450 9.715887 -0.004649 0.999989 -0.001042 -0.022586 0.027445 0.001169 0.999623 0.007779 
1566536477042670713 1566536478444021103 0.999041 0.007442 0.043157 9.911727 -0.007265 0.999965 -0.004268 -0.067362 -0.043188 0.003950 0.999059 -0.196751 
1566536478544011058 1566536479743627636 0.999991 0.003556 -0.002513 9.477305 -0.003543 0.999980 0.005308 -0.022019 0.002531 -0.005299 0.999983 -0.168243 
1566536479843463138 1566536480945392850 0.999976 0.006754 -0.001832 9.536705 -0.006746 0.999968 0.004183 -0.031563 0.001860 -0.004171 0.999990 -0.160131 
1566536481045436996 1566536482045569283 0.999950 0.009728 -0.002397 9.277243 -0.009723 0.999951 0.001938 -0.040717 0.002416 -0.001914 0.999995 -0.173036 
1566536482146632700 1566536483139301113 0.999988 0.003951 0.002902 9.603522 -0.003966 0.999979 0.005210 0.000942 -0.002881 -0.005221 0.999982 -0.207308 
1566536483239202771 1566536484239090999 0.999935 -0.008981 -0.007029 9.594134 0.008913 0.999914 -0.009599 0.007323 0.007115 0.009536 0.999929 -0.175193 
1566536484339189639 1566536485339588504 0.999996 -0.002392 0.001544 9.470327 0.002385 0.999987 0.004423 0.006358 -0.001555 -0.004419 0.999989 -0.223785 
1566536485439740581 1566536486439634882 0.999991 0.004093 0.001461 9.297269 -0.004082 0.999964 -0.007486 -0.032897 -0.001492 0.007480 0.999971 -0.241171 
1566536486539446017 1566536487638567810 0.999978 0.002979 -0.005847 9.927975 -0.002896 0.999894 0.014290 -0.019693 0.005889 -0.014273 0.999881 -0.198377 
1566536487739386514 1566536488939573357 0.999988 0.003003 -0.003862 9.632632 -0.003036 0.999959 -0.008528 -0.041003 0.003837 0.008539 0.999956 -0.220668 
1566536489039447260 1566536490339780347 0.999995 0.003209 0.000766 9.375113 -0.003219 0.999906 0.013335 -0.012216 -0.000724 -0.013337 0.999911 -0.266408 
1566536490439641586 1566536491940846087 0.999988 0.002467 -0.004118 9.653397 -0.002495 0.999973 -0.006859 -0.044493 0.004101 0.006869 0.999968 -0.267711 
1566536492040780415 1566536493546918198 0.999530 0.000842 -0.030642 9.915541 -0.001095 0.999965 -0.008242 -0.038669 0.030634 0.008271 0.999496 -0.169168 
1566536493646270161 1566536495039041724 0.999965 -0.007837 0.003049 9.703340 0.007859 0.999943 -0.007159 -0.000033 -0.002993 0.007183 0.999970 -0.234624 
1566536495138821901 1566536496538951363 0.999629 -0.025329 -0.010037 9.758052 0.025345 0.999678 0.001453 0.064931 0.009997 -0.001707 0.999949 -0.100508 
1566536496638747357 1566536497938971673 0.994816 -0.101632 -0.003377 9.471536 0.101554 0.994663 -0.018220 0.343518 0.005211 0.017782 0.999828 -0.157439 
1566536498039121058 1566536499341881310 0.992263 -0.123877 -0.008264 9.848308 0.123921 0.992279 0.005010 0.392591 0.007579 -0.005995 0.999953 -0.133589 
1566536499442036984 1566536500643672666 0.990236 -0.138954 -0.011179 9.327687 0.139120 0.990150 0.015762 0.462154 0.008879 -0.017163 0.999813 -0.127008 
1566536500743617084 1566536501945091596 0.992053 -0.125818 -0.000125 9.795560 0.125803 0.991946 -0.014705 0.359188 0.001974 0.014572 0.999892 -0.178562 
1566536502045190636 1566536503144980447 0.994777 -0.101463 0.011179 9.310651 0.101638 0.994685 -0.016476 0.297395 -0.009448 0.017526 0.999802 -0.272476 
1566536503245005683 1566536504446557814 0.995404 -0.095303 -0.009437 9.935095 0.095517 0.995098 0.025618 0.350389 0.006949 -0.026402 0.999627 -0.316060 
1566536504546534146 1566536505746554106 0.996084 -0.088096 -0.007498 9.757379 0.088030 0.996080 -0.008710 0.280765 0.008236 0.008016 0.999934 -0.202312 
1566536505846032106 1566536507038625463 0.993878 -0.110342 -0.005591 9.496701 0.110321 0.993888 -0.003943 0.351955 0.005992 0.003302 0.999977 -0.180200 
1566536507138218392 1566536508337970234 0.994362 -0.105396 -0.011698 9.548064 0.105463 0.994409 0.005262 0.390591 0.011078 -0.006466 0.999918 -0.109055 
1566536508438727872 1566536509641712143 0.993471 -0.114063 -0.002151 9.673467 0.113988 0.993236 -0.022125 0.338139 0.004661 0.021736 0.999753 -0.172587 
1566536509741762468 1566536510942069379 0.995120 -0.098674 0.000682 9.500286 0.098667 0.995099 0.006541 0.320225 -0.001325 -0.006442 0.999978 -0.217636 
1566536511041877559 1566536512443407507 0.994780 -0.101951 0.004389 10.130665 0.101943 0.994788 0.001992 0.314466 -0.004569 -0.001534 0.999988 -0.297527 
1566536512543324442 1566536514444585400 0.997151 -0.074673 -0.010644 9.963539 0.074511 0.997109 -0.014876 0.219607 0.011724 0.014041 0.999833 -0.205577 
1566536514544564258 1566536516338319422 0.999974 -0.004556 -0.005569 9.754246 0.004620 0.999922 0.011640 0.015626 0.005515 -0.011666 0.999917 -0.175073 
1566536516438510381 1566536517938156633 0.999955 0.006856 0.006582 9.782032 -0.006900 0.999954 0.006623 -0.025321 -0.006536 -0.006669 0.999956 -0.195934 
1566536518038352437 1566536519338686510 0.999976 0.003042 -0.006168 9.920418 -0.003030 0.999994 0.001932 -0.014177 0.006173 -0.001914 0.999979 -0.152658 
1566536519438579367 1566536520539774989 0.999961 -0.008826 -0.000067 9.294854 0.008825 0.999958 -0.002647 0.006872 0.000091 0.002646 0.999996 -0.172937 
1566536520640197876 1566536521743172524 0.999964 0.008438 0.000119 9.853277 -0.008436 0.999907 -0.010732 -0.062844 -0.000209 0.010730 0.999942 -0.204089 
1566536521844576477 1566536522846463304 0.999991 0.004218 -0.000563 9.303563 -0.004219 0.999990 -0.001639 -0.039018 0.000556 0.001641 0.999998 -0.185390 
1566536522946555574 1566536523938220048 0.999993 -0.000920 -0.003678 9.569488 0.000974 0.999890 0.014825 -0.001195 0.003664 -0.014829 0.999883 -0.176181 
1566536524037640549 1566536525037448619 0.999996 -0.000653 0.002610 9.668218 0.000680 0.999944 -0.010533 -0.030115 -0.002603 0.010534 0.999941 -0.212044 
1566536525138164867 1566536526138175109 0.999982 0.005810 -0.001454 9.377801 -0.005799 0.999955 0.007495 -0.034452 0.001497 -0.007486 0.999971 -0.231081 
1566536526238419170 1566536527338375906 0.999986 0.003754 0.003673 9.563576 -0.003758 0.999992 0.001116 -0.020520 -0.003669 -0.001130 0.999993 -0.273667 
1566536527438198536 1566536528839938808 0.999969 -0.003012 -0.007323 9.766840 0.003012 0.999995 0.000025 0.016101 0.007323 -0.000047 0.999973 -0.255532 
1566536528939999273 1566536530739808297 0.998552 -0.051691 0.014872 9.745704 0.051659 0.998662 0.002532 0.271313 -0.014983 -0.001760 0.999886 -0.153051 
1566536530839888658 1566536532942935969 0.919718 -0.392511 -0.007342 9.768865 0.392561 0.919696 0.007463 1.721344 0.003823 -0.009746 0.999945 -0.183909 
1566536533042808763 1566536535238135232 0.705813 -0.708045 0.022360 9.337804 0.708383 0.705649 -0.015903 2.696604 -0.004518 0.027064 0.999624 -0.231480 
1566536535338031716 1566536537241258802 0.970734 -0.240115 0.004528 9.987738 0.240151 0.970403 -0.025422 0.216255 0.001710 0.025765 0.999667 -0.332539 
1566536537341266489 1566536538842387307 0.999994 0.000967 0.003296 9.629365 -0.000965 0.999999 -0.000623 -0.027190 -0.003296 0.000620 0.999994 -0.145661 
1566536538943804140 1566536540243255340 0.999939 -0.006906 0.008666 9.683507 0.006936 0.999970 -0.003467 -0.005429 -0.008641 0.003527 0.999956 -0.235504 
1566536540345431302 1566536541537628074 0.999971 0.006597 -0.003782 9.967515 -0.006578 0.999967 0.004827 -0.024062 0.003814 -0.004802 0.999981 -0.230268 
1566536541637300091 1566536542741610033 0.999999 0.001360 -0.000549 9.819689 -0.001361 0.999997 -0.002113 -0.038270 0.000546 0.002114 0.999998 -0.216855 
1566536542842278406 1566536543837790305 0.999950 0.008546 -0.005097 9.320822 -0.008504 0.999929 0.008296 -0.037807 0.005167 -0.008252 0.999953 -0.197459 
1566536543938062824 1566536544941116223 0.999967 -0.005939 -0.005516 9.736255 0.005940 0.999982 0.000128 0.026721 0.005515 -0.000161 0.999985 -0.153240 
1566536545040881670 1566536546043870321 0.999988 -0.003099 0.003793 9.924537 0.003106 0.999994 -0.001713 0.009323 -0.003787 0.001724 0.999991 -0.228728 
1566536546143829670 1566536547145383454 0.999972 0.005670 -0.004834 9.727247 -0.005659 0.999981 0.002299 -0.062309 0.004847 -0.002272 0.999986 -0.157443 
1566536547244747078 1566536548237379035 0.999985 -0.000395 -0.005415 9.678958 0.000417 0.999991 0.004146 0.011959 0.005413 -0.004148 0.999977 -0.177185 
1566536548337541604 1566536549337686451 0.999979 0.006101 0.002136 9.642153 -0.006090 0.999970 -0.004847 -0.075204 -0.002166 0.004834 0.999986 -0.214452 
1566536549438056575 1566536550438104257 0.999986 0.005235 -0.000485 9.552783 -0.005233 0.999981 0.003388 -0.069103 0.000502 -0.003385 0.999994 -0.182374 
1566536550537866117 1566536551544026239 0.999955 -0.009468 0.000239 9.326828 0.009468 0.999950 0.003150 0.062055 -0.000269 -0.003148 0.999995 -0.215816 
1566536551643814568 1566536552645317733 0.999939 0.009880 -0.004954 9.213318 -0.009874 0.999951 0.001130 -0.056922 0.004964 -0.001081 0.999987 -0.183676 
1566536552745320650 1566536553745195207 0.999995 0.000809 0.002970 9.273812 -0.000808 1.000000 -0.000359 -0.037133 -0.002971 0.000356 0.999996 -0.219023 
1566536553845400847 1566536554845345021 0.999999 0.000493 0.001154 9.292538 -0.000496 0.999998 0.002083 -0.015909 -0.001153 -0.002084 0.999997 -0.227033 
1566536554939233358 1566536555939086497 0.999977 0.006441 -0.002254 9.189966 -0.006455 0.999958 -0.006445 -0.037172 0.002212 0.006459 0.999977 -0.231618 
1566536556039694936 1566536557138918337 0.999978 0.006240 0.002382 9.746996 -0.006246 0.999977 0.002548 -0.038905 -0.002366 -0.002563 0.999994 -0.244540 
1566536557239117297 1566536558442382594 0.999760 -0.021849 0.001599 9.977719 0.021847 0.999761 0.001036 0.099291 -0.001621 -0.001001 0.999998 -0.258158 
1566536558543881325 1566536560043677084 0.972737 -0.231766 -0.008236 9.847926 0.231887 0.972538 0.019960 1.151869 0.003383 -0.021326 0.999767 -0.259236 
1566536560143637609 1566536561942557519 0.804130 -0.594451 -0.001884 9.630331 0.594354 0.804048 -0.015815 2.553045 0.010916 0.011597 0.999873 -0.193415 
1566536562043285562 1566536563737503704 0.900851 -0.433997 0.010668 9.761012 0.434127 0.900541 -0.023643 0.970692 0.000654 0.025930 0.999664 -0.202937 
1566536563837384351 1566536565337067565 0.991339 -0.131326 0.000595 9.943257 0.131327 0.991315 -0.006855 0.289864 0.000311 0.006874 0.999976 -0.167707 
1566536565436742591 1566536566737187751 0.999746 -0.021833 0.005612 9.664817 0.021856 0.999752 -0.004184 -0.034436 -0.005519 0.004305 0.999976 -0.214323 
1566536566837015545 1566536568143709802 0.998583 0.053220 -0.000084 9.610222 -0.053219 0.998572 0.004742 -0.260412 0.000336 -0.004731 0.999989 -0.244617 
1566536568243436169 1566536569844839461 0.987737 0.156071 0.004246 9.625169 -0.156114 0.987652 0.013119 -0.637481 -0.002146 -0.013621 0.999905 -0.254372 
1566536569944683370 1566536571836848944 0.970468 0.241182 0.004786 9.849466 -0.241228 0.970339 0.015822 -0.621163 -0.000828 -0.016509 0.999863 -0.294553 
1566536571936821336 1566536574037307588 0.964856 -0.262220 -0.017132 9.693599 0.262112 0.965002 -0.008304 1.171874 0.018710 0.003522 0.999819 -0.103830 
1566536574137090168 1566536576136556368 0.982269 -0.187039 0.012773 9.712326 0.187066 0.982347 -0.000944 0.338462 -0.012371 0.003316 0.999918 -0.231317 
1566536576237244895 1566536577939906301 0.999996 -0.001504 -0.002520 9.582874 0.001507 0.999998 0.001286 -0.044971 0.002518 -0.001290 0.999996 -0.196235 
1566536578039990476 1566536579644263402 0.999895 0.013876 0.004262 9.648016 -0.013869 0.999903 -0.001605 -0.034748 -0.004284 0.001546 0.999990 -0.215675 
1566536579744657133 1566536581444777213 0.999925 0.009019 -0.008307 9.806259 -0.008833 0.999717 0.022088 -0.000491 0.008503 -0.022013 0.999722 -0.110817 
1566536581544575188 1566536583236845200 0.999941 0.010106 0.004013 9.525470 -0.010026 0.999760 -0.019475 -0.067688 -0.004209 0.019434 0.999802 -0.228481 
1566536583336918049 1566536585139651705 0.999946 0.010360 -0.001040 10.003062 -0.010354 0.999931 0.005633 -0.025723 0.001098 -0.005622 0.999984 -0.227729 
1566536585240103025 1566536587440008042 0.999902 -0.013643 0.003012 10.049299 0.013655 0.999898 -0.004282 0.054384 -0.002953 0.004323 0.999986 -0.249488 
1566536587540038544 1566536590236695124 0.999906 -0.012592 -0.005399 9.860374 0.012611 0.999915 0.003391 0.042255 0.005356 -0.003459 0.999980 -0.194244 
1566536590336326017 1566536592337817255 0.999980 -0.003322 -0.005345 9.982422 0.003331 0.999993 0.001602 -0.021027 0.005340 -0.001620 0.999984 -0.153639 
1566536592438188114 1566536594241389166 0.999858 0.014193 0.009040 9.919641 -0.014164 0.999894 -0.003241 -0.094638 -0.009085 0.003112 0.999954 -0.307230 
1566536594340644877 1566536596043044548 0.998706 0.050750 -0.003144 9.869501 -0.050737 0.998704 0.004024 -0.184388 0.003344 -0.003860 0.999987 -0.227163 
1566536596142950523 1566536597743056975 0.996380 0.084440 0.009809 9.448428 -0.084435 0.996429 -0.000886 -0.351166 -0.009849 0.000055 0.999951 -0.261828 
1566536597842198586 1566536599543145899 0.995611 0.093230 0.008230 9.744057 -0.093306 0.995593 0.009396 -0.294211 -0.007317 -0.010123 0.999922 -0.407912 
1566536599643271974 1566536601443151089 0.990934 0.133466 -0.015385 9.731550 -0.133514 0.991045 -0.002153 -0.536555 0.014960 0.004188 0.999879 -0.202302 
1566536601543248773 1566536603842963830 0.965537 0.260206 -0.005635 10.055200 -0.260175 0.965545 0.005679 -1.130964 0.006918 -0.004017 0.999968 -0.165696 
1566536603942792701 1566536605936763175 0.853576 0.520960 -0.002774 9.675695 -0.520697 0.853293 0.027682 -1.766919 0.016789 -0.022184 0.999613 -0.147038 
1566536606036855728 1566536607539765377 0.957630 0.287893 0.007886 9.299717 -0.287866 0.957661 -0.004316 -0.747179 -0.008795 0.001863 0.999960 -0.195334 
1566536607639865290 1566536608943039230 0.998820 0.042519 -0.023473 9.392528 -0.042522 0.999095 0.000376 -0.025621 0.023467 0.000622 0.999724 -0.013241 
1566536609042519035 1566536610242908454 0.999702 -0.009078 0.022680 9.727740 0.008925 0.999937 0.006869 0.047722 -0.022741 -0.006664 0.999719 -0.102536 
1566536610342938346 1566536611443879476 0.999982 0.002492 0.005458 9.740144 -0.002424 0.999921 -0.012304 -0.061399 -0.005488 0.012290 0.999909 -0.207050 
1566536611543879340 1566536612535868114 0.999996 -0.002816 -0.000273 9.344760 0.002816 0.999994 -0.001987 -0.016693 0.000278 0.001986 0.999998 -0.184147 
1566536612636197903 1566536613636258716 0.999992 0.004045 -0.000209 9.223752 -0.004043 0.999957 0.008323 -0.004295 0.000243 -0.008322 0.999965 -0.199494 
1566536613736201053 1566536614740756458 0.999983 0.005151 -0.002874 9.287578 -0.005161 0.999980 -0.003542 -0.034930 0.002856 0.003557 0.999990 -0.173077 
1566536614840951793 1566536615843472000 0.999985 0.005442 0.000188 9.318794 -0.005441 0.999969 -0.005657 -0.028037 -0.000219 0.005656 0.999984 -0.234596 
1566536615943481460 1566536617035621749 0.999992 -0.000305 0.004036 10.108810 0.000337 0.999968 -0.007946 -0.023941 -0.004034 0.007948 0.999960 -0.243048 
1566536617136184734 1566536618237886754 0.999997 -0.001823 -0.001759 9.851592 0.001854 0.999843 0.017630 -0.019976 0.001727 -0.017634 0.999843 -0.245697 
1566536618337524986 1566536619437589814 0.999897 0.014003 -0.003078 9.571192 -0.013978 0.999870 0.007977 -0.087583 0.003189 -0.007933 0.999963 -0.227929 
1566536619537609498 1566536620637466208 0.999775 0.020334 -0.006097 9.294786 -0.020329 0.999793 0.000870 -0.060347 0.006113 -0.000746 0.999981 -0.162135 
1566536620737516591 1566536621939416969 0.999842 0.015570 0.008571 9.492450 -0.015510 0.999855 -0.006989 -0.067128 -0.008679 0.006855 0.999939 -0.288997 
1566536622039034465 1566536623638955664 0.980847 0.194772 -0.001580 9.733772 -0.194767 0.980845 0.002948 -0.969789 0.002124 -0.002583 0.999994 -0.276215 
1566536623740602524 1566536625536001968 0.935407 0.353432 -0.010027 9.506723 -0.353351 0.935448 0.008971 -1.247839 0.012550 -0.004849 0.999909 -0.183211 
1566536625635992415 1566536627341829943 0.927538 0.373431 0.014894 9.976325 -0.373602 0.927523 0.011055 -1.257664 -0.009686 -0.015818 0.999828 -0.223243 
1566536627442115672 1566536628935464506 0.964891 0.262644 0.001994 10.045650 -0.262635 0.964887 -0.003853 -0.831659 -0.002936 0.003194 0.999991 -0.217276 
1566536629035478619 1566536630335788474 0.993616 0.112367 0.010047 9.814071 -0.112517 0.993523 0.015871 -0.282966 -0.008199 -0.016900 0.999824 -0.271062 
1566536630435665424 1566536631635951302 0.996457 0.084089 -0.001372 9.956344 -0.084082 0.996450 0.004281 -0.314297 0.001727 -0.004150 0.999990 -0.163254 
1566536631735368197 1566536632836056155 0.999053 0.043164 0.005543 9.818617 -0.043179 0.999064 0.002626 -0.144503 -0.005425 -0.002862 0.999981 -0.209824 
1566536632935995713 1566536634038912384 0.999762 -0.017663 -0.012819 9.816807 0.017435 0.999692 -0.017653 0.027057 0.013127 0.017425 0.999762 -0.125246 
1566536634138975315 1566536635239656355 0.999610 -0.019181 0.020317 9.792629 0.018999 0.999778 0.009134 0.083605 -0.020487 -0.008745 0.999752 -0.351072 
1566536635340449926 1566536636440563596 0.998378 -0.055779 -0.011433 9.642194 0.055601 0.998335 -0.015360 0.224806 0.012270 0.014699 0.999817 -0.145858 
1566536636540313071 1566536637642134571 0.996501 -0.083501 -0.003687 9.428766 0.083506 0.996507 0.001055 0.293232 0.003586 -0.001359 0.999993 -0.199366 
1566536637742169243 1566536638842148383 0.996184 -0.086961 -0.007380 9.448202 0.086997 0.996198 0.004666 0.304125 0.006946 -0.005290 0.999962 -0.175778 
1566536638943498225 1566536640035596971 0.999471 -0.020885 -0.024925 9.681855 0.020625 0.999730 -0.010666 -0.034551 0.025141 0.010147 0.999632 -0.035321 
1566536640135811186 1566536641237465851 0.999501 0.021265 0.023351 9.548069 -0.021437 0.999745 0.007103 -0.061230 -0.023194 -0.007600 0.999702 -0.294044 
1566536641337519069 1566536642537308048 0.994308 -0.105711 -0.013282 9.840275 0.105826 0.994350 0.008319 0.526606 0.012328 -0.009677 0.999877 -0.130412 
1566536642637334196 1566536643837131722 0.993762 -0.111297 0.007094 9.660927 0.111342 0.993763 -0.006215 0.331741 -0.006358 0.006966 0.999956 -0.253195 
1566536643937048327 1566536645238183352 0.998785 -0.049226 -0.002290 10.020214 0.049247 0.998738 0.009858 0.144862 0.001802 -0.009959 0.999949 -0.239778 
1566536645338569824 1566536646740190665 0.999425 -0.033748 0.003317 9.684404 0.033809 0.999222 -0.020323 0.094232 -0.002628 0.020424 0.999788 -0.302831 
1566536646840136636 1566536648841702519 0.998968 -0.045181 0.004746 9.984664 0.045201 0.998969 -0.004111 0.103678 -0.004555 0.004322 0.999980 -0.302956 
1566536648942680658 1566536654438302728 0.905833 0.423574 0.007149 9.949776 -0.423574 0.905290 0.032186 -2.484863 0.007161 -0.032183 0.999456 -0.224594 
1566536654538924907 1566536657835272145 0.470309 0.882484 0.005646 9.271716 -0.882447 0.470341 -0.008121 -3.292047 -0.009823 -0.001163 0.999951 -0.301803 
1566536657935469336 1566536660237011142 0.978767 0.204972 -0.001445 9.556971 -0.204952 0.978732 0.008834 -0.209911 0.003225 -0.008350 0.999960 -0.259641 
1566536660336905982 1566536662140218974 0.999970 -0.007686 0.000763 9.560875 0.007683 0.999963 0.003891 -0.006298 -0.000793 -0.003885 0.999992 -0.194122 
1566536662239840926 1566536663841116670 0.997183 0.073288 -0.015979 9.628222 -0.073150 0.997280 0.009058 -0.394094 0.016599 -0.007864 0.999831 -0.171148 
1566536663940993773 1566536665443116119 0.968641 0.248053 0.014282 9.923511 -0.247995 0.968744 -0.005743 -0.894252 -0.015260 0.002021 0.999882 -0.255181 
1566536665543001680 1566536666843017952 0.992650 0.120609 0.009971 9.765802 -0.120614 0.992699 -0.000131 -0.368556 -0.009914 -0.001073 0.999950 -0.223305 
1566536666942742573 1566536668134720267 0.999429 0.033506 -0.004414 9.762827 -0.033488 0.999430 0.004259 -0.102349 0.004555 -0.004109 0.999981 -0.168430 
1566536668234724498 1566536669435042759 0.999988 -0.004287 0.002445 9.975847 0.004293 0.999988 -0.002250 -0.001999 -0.002436 0.002261 0.999994 -0.228552 
1566536669535141221 1566536670835340147 0.999982 0.003560 -0.004751 9.997116 -0.003555 0.999993 0.001063 -0.054422 0.004755 -0.001046 0.999988 -0.213265 
1566536670935075691 1566536672338040372 0.998937 0.045916 0.004010 9.865843 -0.045996 0.998677 0.023006 -0.152966 -0.002948 -0.023166 0.999727 -0.370231 
1566536672438015929 1566536673838005021 0.999550 -0.029611 0.004818 9.576101 0.029580 0.999542 0.006384 0.140387 -0.005005 -0.006239 0.999968 -0.155267 
1566536673937944916 1566536675343203144 0.999486 -0.032059 0.000137 9.424102 0.032058 0.999485 0.001579 0.103883 -0.000188 -0.001574 0.999999 -0.176689 
1566536675442712261 1566536676942554419 0.999881 -0.008744 -0.012729 9.981486 0.008695 0.999955 -0.003855 0.032134 0.012762 0.003743 0.999912 -0.139581 
1566536677042501213 1566536678434660121 0.999923 -0.005638 0.011037 9.621838 0.005571 0.999966 0.006094 0.022726 -0.011071 -0.006032 0.999921 -0.232952 
1566536678534668666 1566536679939461551 0.999894 0.001990 -0.014437 9.971765 -0.002216 0.999875 -0.015683 -0.041991 0.014404 0.015714 0.999773 -0.178130 
1566536680039366723 1566536681437831067 0.999968 0.007792 0.001522 9.999398 -0.007795 0.999969 0.001436 -0.056310 -0.001510 -0.001448 0.999998 -0.212757 
1566536681537940338 1566536682937899215 0.999715 0.023429 -0.004625 9.499587 -0.023482 0.999656 -0.011645 -0.178015 0.004350 0.011750 0.999921 -0.211749 
1566536683037915299 1566536684737755041 0.980452 0.196738 -0.002733 9.654730 -0.196688 0.980382 0.012815 -0.854548 0.005201 -0.012027 0.999914 -0.248202 
1566536684837945057 1566536686738439896 0.945503 0.325547 -0.006505 9.791838 -0.325577 0.945506 -0.004169 -1.130435 0.004794 0.006059 0.999970 -0.157166 
1566536686838272669 1566536688540757776 0.990511 0.137257 -0.006932 9.960612 -0.137178 0.990486 0.010908 -0.447854 0.008363 -0.009854 0.999916 -0.249991 
1566536688640792245 1566536690140408427 0.998596 0.050661 0.015480 9.619206 -0.050582 0.998705 -0.005454 -0.132738 -0.015736 0.004663 0.999865 -0.302302 
1566536690240517409 1566536691841679975 0.999498 0.010700 0.029809 9.751097 -0.010374 0.999885 -0.011045 -0.079011 -0.029924 0.010730 0.999495 -0.591881 
1566536691942530951 1566536693742387047 0.999756 0.002378 -0.021959 9.902179 -0.002362 0.999997 0.000781 -0.006704 0.021960 -0.000729 0.999759 -0.223227 
1566536693842270190 1566536696334068007 0.845670 -0.533326 -0.020135 9.515862 0.533694 0.844796 0.038592 3.048514 -0.003573 -0.043382 0.999052 -0.213156 
1566536696434439345 1566536699434423716 0.056835 -0.998087 0.024326 8.564447 0.998384 0.056822 -0.001216 4.974545 -0.000168 0.024356 0.999703 -0.310691 
1566536699534345659 1566536701436217757 0.983456 -0.181124 -0.002872 9.847821 0.181011 0.983206 -0.023254 0.281532 0.007035 0.022350 0.999725 -0.144335 
1566536701536309114 1566536703039139044 0.999694 -0.023143 0.008762 9.751449 0.023226 0.999685 -0.009537 -0.047718 -0.008539 0.009737 0.999916 -0.230056 
1566536703138962565 1566536704640424225 0.999802 0.017514 -0.009414 9.980925 -0.017461 0.999831 0.005683 -0.068699 0.009512 -0.005517 0.999940 -0.189278 
1566536704740497657 1566536706336387234 0.997299 0.073422 0.001844 9.896532 -0.073437 0.997249 0.010093 -0.371464 -0.001098 -0.010201 0.999947 -0.252670 
1566536706436362408 1566536708136893529 0.948135 0.317351 0.018132 9.741410 -0.317174 0.948291 -0.011986 -1.354594 -0.020998 0.005613 0.999764 -0.360844 
1566536708236914322 1566536710038236198 0.879625 0.475446 0.014516 9.902048 -0.475599 0.879608 0.009808 -1.899255 -0.008105 -0.015532 0.999847 -0.278764 
1566536710138553806 1566536711842004780 0.884894 0.465788 -0.002109 9.457669 -0.465732 0.884842 0.012149 -1.482559 0.007525 -0.009768 0.999924 -0.162727 
1566536711942031419 1566536713441802704 0.989956 0.141334 -0.003363 9.634930 -0.141257 0.989825 0.017138 -0.258551 0.005751 -0.016491 0.999847 -0.125098 
1566536713541757254 1566536714841422162 0.999977 -0.006265 -0.002404 9.385192 0.006276 0.999971 0.004376 0.035310 0.002377 -0.004391 0.999988 -0.168888 
1566536714941440660 1566536716141263593 0.999983 -0.004945 0.003239 9.472414 0.004978 0.999934 -0.010309 -0.018876 -0.003188 0.010325 0.999942 -0.196952 
1566536716241500082 1566536717333746555 0.999943 -0.002615 -0.010337 9.275666 0.002748 0.999914 0.012829 0.023037 0.010302 -0.012857 0.999864 -0.153671 
1566536717433801697 1566536718537383958 0.999998 -0.002024 -0.000420 9.520575 0.002021 0.999979 -0.006076 -0.024364 0.000433 0.006075 0.999981 -0.200371 
1566536718638201762 1566536719738450014 0.999998 0.001244 0.001312 9.447326 -0.001244 0.999999 0.000139 -0.019718 -0.001312 -0.000141 0.999999 -0.212010 
1566536719838028357 1566536720941070496 0.999988 0.004239 -0.002564 9.635514 -0.004243 0.999990 -0.001599 -0.028121 0.002557 0.001610 0.999995 -0.220722 
1566536721041335941 1566536722140965486 0.999991 0.003856 0.001735 9.834870 -0.003860 0.999990 0.002099 -0.037105 -0.001727 -0.002106 0.999996 -0.266967 
1566536722241129347 1566536723332959750 0.999946 0.001654 -0.010233 9.975632 -0.001681 0.999995 -0.002545 0.005543 0.010228 0.002562 0.999944 -0.150842 
1566536723433023728 1566536724433013095 0.999970 0.002332 0.007339 9.219590 -0.002320 0.999996 -0.001628 -0.002703 -0.007343 0.001611 0.999972 -0.232419 
1566536724534771685 1566536725639462870 0.999999 -0.000042 -0.001366 9.965860 0.000053 0.999969 0.007920 0.022291 0.001366 -0.007921 0.999968 -0.243990 
1566536725742410917 1566536726833108897 0.999991 -0.002287 -0.003442 9.871182 0.002242 0.999915 -0.012873 -0.008214 0.003471 0.012866 0.999911 -0.176518 
1566536726934804184 1566536728034574974 0.999992 -0.000227 0.004096 9.609721 0.000218 0.999998 0.002048 -0.014360 -0.004096 -0.002047 0.999990 -0.224409 
1566536728134468476 1566536729235829289 0.999992 0.001164 -0.003756 9.240968 -0.001185 0.999983 -0.005731 -0.024119 0.003749 0.005735 0.999977 -0.203311 
1566536729336084909 1566536730536066300 0.999990 -0.000035 -0.004528 9.742605 0.000037 1.000000 0.000522 -0.017211 0.004528 -0.000522 0.999990 -0.178769 
1566536730635917278 1566536731832873995 0.999991 0.004148 0.000069 9.425843 -0.004148 0.999991 -0.000941 -0.019807 -0.000073 0.000941 1.000000 -0.201992 
1566536731932944441 1566536733233081357 0.999980 0.004677 -0.004336 9.900131 -0.004675 0.999989 0.000500 -0.021576 0.004339 -0.000480 0.999990 -0.226453 
1566536733333370643 1566536734732367076 0.999988 -0.000734 0.004884 9.660081 0.000722 0.999997 0.002483 -0.001420 -0.004886 -0.002480 0.999985 -0.256199 
1566536734833031428 1566536736639021170 0.999214 -0.001230 -0.039619 9.996209 0.001112 0.999995 -0.003008 0.007593 0.039622 0.002962 0.999210 0.051009 
1566536736738611797 1566536738840710773 0.999040 -0.033745 0.027924 9.832947 0.033594 0.999419 0.005837 0.202573 -0.028105 -0.004893 0.999593 -0.211487 
1566536738941020664 1566536742132625624 0.435954 -0.899837 -0.015426 8.671654 0.899453 0.436220 -0.026392 4.489602 0.030478 -0.002369 0.999533 -0.060891 
1566536742232224988 1566536744632477693 0.940949 -0.338032 0.018685 9.958742 0.338230 0.941024 -0.008639 0.229893 -0.014663 0.014448 0.999788 -0.115286 
1566536744732467968 1566536746439870618 0.999904 -0.013685 0.001983 9.540134 0.013673 0.999888 0.006083 -0.007660 -0.002066 -0.006055 0.999980 -0.183200 
1566536746540563879 1566536748032693345 0.999909 0.013439 0.001060 9.784785 -0.013426 0.999843 -0.011546 -0.077087 -0.001215 0.011531 0.999933 -0.212807 
1566536748132644811 1566536749633004692 0.999961 0.008679 -0.001321 9.495173 -0.008683 0.999956 -0.003449 -0.044353 0.001291 0.003460 0.999993 -0.221742 
1566536749732899757 1566536751335962126 0.999812 0.003585 0.019039 9.793849 -0.003656 0.999987 0.003692 -0.015844 -0.019025 -0.003761 0.999812 -0.427136 
1566536751435511756 1566536752837075854 0.999595 -0.020288 -0.019980 9.439952 0.020448 0.999760 0.007811 0.078655 0.019817 -0.008216 0.999770 -0.165052 
1566536752936870262 1566536754238836654 0.999558 -0.029734 0.000432 9.519079 0.029736 0.999536 -0.006588 0.066452 -0.000236 0.006598 0.999978 -0.194213 
1566536754339072727 1566536755633611588 0.992280 -0.123986 -0.002800 10.056480 0.123988 0.992284 0.000228 0.515498 0.002751 -0.000573 0.999996 -0.206750 
1566536755732349519 1566536756935683239 0.989230 -0.146295 -0.004655 9.504023 0.146293 0.989241 -0.000835 0.504899 0.004727 0.000145 0.999989 -0.189770 
1566536757035975621 1566536758236179608 0.993360 -0.115024 -0.002330 9.418825 0.115000 0.993328 -0.008620 0.296987 0.003306 0.008294 0.999960 -0.192851 
1566536758336152997 1566536759535872675 0.998923 -0.046403 0.000283 9.655627 0.046401 0.998911 0.004876 0.113233 -0.000509 -0.004857 0.999988 -0.207734 
1566536759635699254 1566536760835722265 0.999936 0.010312 -0.004548 10.040892 -0.010339 0.999929 -0.005981 -0.111563 0.004486 0.006028 0.999972 -0.196153 
1566536760935764033 1566536762036126640 0.999919 0.012388 0.002865 9.211618 -0.012391 0.999923 0.001191 -0.036389 -0.002850 -0.001227 0.999995 -0.218236 
1566536762136399015 1566536763337593509 0.999548 0.030055 -0.000249 9.725522 -0.030056 0.999503 -0.009469 -0.204258 -0.000036 0.009473 0.999955 -0.217839 
1566536763437640903 1566536764732830533 0.993563 0.113230 0.003358 9.966420 -0.113259 0.993512 0.010297 -0.465927 -0.002170 -0.010611 0.999941 -0.278973 
1566536764832926871 1566536766333259364 0.990767 0.135549 0.002816 9.634189 -0.135568 0.990732 0.008452 -0.459528 -0.001644 -0.008756 0.999960 -0.284906 
1566536766434707046 1566536768433021648 0.995996 0.088859 -0.009837 9.815048 -0.088963 0.995977 -0.010710 -0.298131 0.008846 0.011542 0.999894 -0.221356 
1566536768532972321 1566536771434667151 0.975379 -0.220337 -0.009364 9.838517 0.220396 0.975393 0.005906 1.212248 0.007832 -0.007825 0.999939 -0.206495 
1566536771536230034 1566536774635740760 0.602546 -0.798079 0.002881 9.126693 0.797956 0.602380 -0.020127 3.077837 0.014328 0.014427 0.999793 -0.103033 
1566536774736525568 1566536776740333013 0.965724 -0.259568 -0.000949 9.437831 0.259525 0.965618 -0.015101 0.282527 0.004836 0.014337 0.999886 -0.200520 
1566536776840434231 1566536778432816048 0.999984 0.000467 -0.005676 9.620193 -0.000491 0.999991 -0.004176 -0.087160 0.005674 0.004179 0.999975 -0.145610 
1566536778533001913 1566536779932460297 0.999831 0.017572 0.005461 9.769589 -0.017597 0.999834 0.004664 -0.049802 -0.005379 -0.004759 0.999974 -0.253123 
1566536780032626587 1566536781333349955 0.999902 -0.011856 -0.007459 9.920469 0.011878 0.999925 0.002869 0.036567 0.007424 -0.002957 0.999968 -0.169584 
1566536781433031278 1566536782635732919 0.999957 -0.009290 -0.000329 9.595711 0.009289 0.999956 -0.001104 -0.000826 0.000339 0.001101 0.999999 -0.188022 
1566536782735801419 1566536783937244633 0.999965 0.007808 0.003017 9.392976 -0.007802 0.999968 -0.001962 -0.064357 -0.003032 0.001939 0.999994 -0.247022 
1566536784037260513 1566536785338200388 0.999949 0.008175 -0.005945 9.763442 -0.008184 0.999965 -0.001516 -0.018226 0.005933 0.001564 0.999981 -0.188209 
1566536785438906799 1566536786732920944 0.999974 -0.006063 0.003893 9.629119 0.006068 0.999981 -0.001357 -0.002064 -0.003885 0.001381 0.999991 -0.239910 
1566536786832076744 1566536788134416911 0.999965 -0.000488 -0.008410 9.400961 0.000474 0.999998 -0.001701 -0.033431 0.008411 0.001697 0.999963 -0.186558 
1566536788235899446 1566536789637578114 0.999932 0.007929 0.008594 9.615886 -0.008006 0.999927 0.008996 -0.025261 -0.008522 -0.009064 0.999923 -0.257904 
1566536789737548613 1566536791436092603 0.999742 -0.006315 -0.021828 10.085369 0.006301 0.999980 -0.000693 0.021098 0.021832 0.000556 0.999762 -0.051823 
1566536791538653093 1566536793240292401 0.999507 -0.024688 0.019406 9.825674 0.024592 0.999684 0.005146 0.088188 -0.019527 -0.004667 0.999798 -0.132572 
1566536793339663202 1566536794832034418 0.999647 -0.026541 -0.001237 9.521657 0.026541 0.999648 -0.000150 0.070759 0.001241 0.000117 0.999999 -0.160767 
1566536794932695516 1566536796434238591 0.999590 -0.028469 0.003192 9.926069 0.028472 0.999594 -0.000657 0.104195 -0.003172 0.000747 0.999995 -0.231001 
1566536796534231377 1566536797934096329 0.999763 -0.021158 0.005068 9.686015 0.021165 0.999775 -0.001440 0.035683 -0.005036 0.001547 0.999986 -0.322388 
1566536798033921839 1566536799331602086 0.999960 -0.006672 -0.006003 9.873812 0.006636 0.999960 -0.005986 -0.014025 0.006043 0.005946 0.999964 -0.185236 
1566536799432077224 1566536800632159862 0.999983 0.004098 -0.004139 9.908571 -0.004077 0.999980 0.004931 -0.029298 0.004159 -0.004914 0.999979 -0.178924 
1566536800731909281 1566536801833952763 0.999997 0.002559 -0.000315 9.340342 -0.002560 0.999983 -0.005292 -0.035536 0.000301 0.005293 0.999986 -0.217631 
1566536801933755021 1566536803135391541 0.999994 0.003560 0.000459 9.905254 -0.003560 0.999994 0.000334 -0.036874 -0.000458 -0.000336 1.000000 -0.233131 
1566536803235148904 1566536804438274768 0.999990 0.003235 -0.003151 9.475933 -0.003218 0.999981 0.005347 -0.023078 0.003169 -0.005337 0.999981 -0.223433 
1566536804538029464 1566536805838290731 0.999254 0.001342 0.038600 9.738475 -0.001275 0.999998 -0.001752 -0.021720 -0.038602 0.001701 0.999253 -0.608916 
1566536805938312382 1566536807231963025 0.999692 -0.013622 -0.020739 9.411789 0.013457 0.999877 -0.008063 0.025622 0.020846 0.007781 0.999752 -0.242441 
1566536807331896208 1566536808632221015 0.999984 -0.005269 -0.001949 9.422257 0.005268 0.999986 -0.000649 -0.021998 0.001952 0.000639 0.999998 -0.242842 
1566536808732241671 1566536810132024715 0.999984 0.005005 0.002618 9.763830 -0.004994 0.999979 -0.004230 -0.042678 -0.002640 0.004217 0.999988 -0.269690 
1566536810232012793 1566536811735277421 0.999960 0.001200 -0.008836 9.761485 -0.001202 0.999999 -0.000152 -0.009530 0.008836 0.000162 0.999961 -0.160082 
1566536811835066723 1566536813434827674 0.999995 0.002606 -0.001976 9.833813 -0.002590 0.999962 0.008328 -0.014526 0.001998 -0.008323 0.999963 -0.287762 
1566536813534177090 1566536815431506274 0.999967 0.007613 -0.002917 10.066693 -0.007619 0.999969 -0.002035 -0.037379 0.002902 0.002057 0.999994 -0.232400 
1566536815531415458 1566536818336536959 0.999991 0.003843 -0.001833 10.017918 -0.003852 0.999981 -0.004766 -0.031297 0.001815 0.004773 0.999987 -0.250698 
1566536818436380475 1566536822431811151 0.999991 -0.004166 0.001012 9.954894 0.004173 0.999965 -0.007257 0.008275 -0.000982 0.007261 0.999973 -0.313579 
