1564718057011438772 1564718066805332863 0.998204 0.059221 -0.009068 9.713547 -0.059159 0.998224 0.006989 -0.001902 0.009466 -0.006440 0.999934 -0.156670 
1564718066904910683 1564718068403442754 0.999992 0.003680 -0.001576 9.302277 -0.003670 0.999971 0.006612 0.015568 0.001600 -0.006606 0.999977 -0.176720 
1564718068504910612 1564718069704604202 0.999848 -0.017330 0.002050 9.260515 0.017329 0.999850 0.000603 0.028205 -0.002060 -0.000568 0.999998 -0.211620 
1564718069806134773 1564718070906165841 0.999946 0.010404 0.000336 9.756536 -0.010402 0.999938 -0.004076 -0.072400 -0.000378 0.004072 0.999992 -0.198315 
1564718071006120855 1564718071910722791 0.999430 0.033710 -0.001655 8.879128 -0.033712 0.999431 -0.000810 -0.141602 0.001627 0.000865 0.999998 -0.195446 
1564718072010660392 1564718072902813076 0.998790 0.049109 -0.002453 9.569846 -0.049094 0.998778 0.005735 -0.185808 0.002732 -0.005607 0.999981 -0.180174 
1564718073002687831 1564718073802739975 0.999873 0.015924 0.000317 9.090773 -0.015924 0.999873 -0.000370 -0.055042 -0.000322 0.000365 1.000000 -0.201344 
1564718073902823048 1564718074702459898 0.999836 -0.016187 -0.008126 9.599592 0.016187 0.999869 -0.000115 0.043142 0.008127 -0.000017 0.999967 -0.144210 
1564718074802790870 1564718075504517963 0.999884 -0.015077 0.002158 8.817014 0.015080 0.999885 -0.001293 0.022003 -0.002139 0.001325 0.999997 -0.189070 
1564718075603928890 1564718076304544828 0.999977 -0.002530 -0.006311 8.992896 0.002544 0.999995 0.002080 -0.013283 0.006305 -0.002096 0.999978 -0.195818 
1564718076405958148 1564718077205949345 0.999975 -0.005393 -0.004658 10.086893 0.005423 0.999964 0.006465 0.021279 0.004623 -0.006490 0.999968 -0.215254 
1564718077305958060 1564718078107376407 0.999999 -0.000570 0.001581 10.033531 0.000574 0.999996 -0.002710 -0.031175 -0.001580 0.002711 0.999995 -0.254931 
1564718078207711120 1564718078910649908 0.999986 0.003418 -0.004073 8.757492 -0.003415 0.999994 0.000855 -0.011773 0.004076 -0.000841 0.999991 -0.199697 
1564718079010449214 1564718079804155861 0.999974 -0.003634 -0.006217 9.966295 0.003626 0.999993 -0.001316 -0.015813 0.006222 0.001293 0.999980 -0.216001 
1564718079902766361 1564718080704434372 0.999996 -0.002649 -0.000256 9.902244 0.002649 0.999995 0.001649 0.012880 0.000251 -0.001650 0.999999 -0.220869 
1564718080804436218 1564718081606609090 0.999984 0.003456 -0.004509 9.907544 -0.003452 0.999994 0.000972 -0.058191 0.004512 -0.000957 0.999989 -0.225460 
1564718081708999321 1564718082510266675 0.999998 0.001912 -0.000988 9.887933 -0.001914 0.999996 -0.001977 -0.020032 0.000984 0.001979 0.999998 -0.249573 
1564718082609597766 1564718083410367005 0.999997 -0.001896 -0.001217 9.929403 0.001914 0.999892 0.014537 0.023369 0.001189 -0.014540 0.999894 -0.238369 
1564718083510372468 1564718084302632013 1.000000 -0.000432 -0.000703 10.014509 0.000433 0.999999 0.001504 -0.021941 0.000702 -0.001505 0.999999 -0.242135 
1564718084401747746 1564718085102226200 0.999981 0.004182 -0.004567 8.806973 -0.004122 0.999907 0.012963 0.007988 0.004621 -0.012944 0.999906 -0.181970 
1564718085202529609 1564718085902785608 0.999996 -0.001259 -0.002649 8.779735 0.001259 0.999999 0.000273 0.006091 0.002649 -0.000276 0.999996 -0.222420 
1564718086002776480 1564718086804064826 0.999862 -0.008797 0.014083 9.819668 0.008801 0.999961 -0.000183 0.038275 -0.014080 0.000307 0.999901 -0.292315 
1564718086907083582 1564718087707431620 0.999988 0.004386 -0.002378 9.760843 -0.004396 0.999981 -0.004240 -0.058829 0.002359 0.004250 0.999988 -0.258844 
1564718087807450151 1564718088602341813 0.999966 0.007529 -0.003412 9.707270 -0.007541 0.999966 -0.003295 -0.061848 0.003387 0.003320 0.999989 -0.231771 
1564718088702269757 1564718089502476230 0.999957 0.008348 -0.003998 9.661429 -0.008382 0.999928 -0.008571 -0.059243 0.003926 0.008604 0.999955 -0.240837 
1564718089602752778 1564718090402619273 0.999947 -0.008938 0.005154 9.504806 0.008982 0.999924 -0.008502 0.003308 -0.005077 0.008548 0.999951 -0.288753 
1564718090502643945 1564718091310062635 0.999992 0.000674 -0.003859 9.358639 -0.000677 1.000000 -0.000576 -0.022223 0.003859 0.000579 0.999992 -0.233916 
1564718091410389346 1564718092202353218 0.999996 -0.001527 -0.002364 9.342273 0.001519 0.999994 -0.003098 -0.015124 0.002369 0.003094 0.999992 -0.222898 
1564718092302415675 1564718093102551743 0.999952 0.000433 -0.009780 9.476280 -0.000456 0.999997 -0.002402 -0.030009 0.009779 0.002406 0.999949 -0.162657 
1564718093202537175 1564718094004172593 0.999990 0.004106 -0.001647 9.733641 -0.004098 0.999981 0.004611 -0.024055 0.001665 -0.004605 0.999988 -0.207191 
1564718094104382178 1564718094810264735 0.999980 0.004010 -0.004899 8.817960 -0.004012 0.999992 -0.000383 -0.024419 0.004898 0.000402 0.999988 -0.167006 
1564718094902433512 1564718095604493409 0.999999 0.001632 0.000048 9.070091 -0.001632 0.999996 -0.002353 -0.015672 -0.000052 0.002353 0.999997 -0.207185 
1564718095704402531 1564718096408733632 0.999990 0.004452 -0.001044 9.357321 -0.004453 0.999989 -0.001093 -0.034057 0.001039 0.001098 0.999999 -0.199842 
1564718096508578559 1564718097210394963 0.999952 0.002743 -0.009447 9.570504 -0.002828 0.999955 -0.009011 -0.032479 0.009421 0.009038 0.999915 -0.176570 
1564718097310423510 1564718098010386471 1.000000 0.000021 -0.000029 9.836545 -0.000021 0.999999 -0.001259 -0.023439 0.000029 0.001259 0.999999 -0.225061 
1564718098110226465 1564718098810512436 0.999986 -0.001429 -0.005178 9.989057 0.001464 0.999977 0.006626 -0.007060 0.005169 -0.006633 0.999965 -0.215413 
1564718098901901244 1564718099502237669 0.999951 0.004063 -0.009081 8.771276 -0.004161 0.999933 -0.010778 -0.049974 0.009036 0.010816 0.999901 -0.153967 
1564718099602367132 1564718100202502658 0.999997 0.002283 0.000204 8.705032 -0.002283 0.999997 0.001227 -0.016054 -0.000201 -0.001227 0.999999 -0.224378 
1564718100302665784 1564718100901728263 0.999972 0.005626 -0.004982 8.670900 -0.005626 0.999984 0.000172 -0.040655 0.004983 -0.000144 0.999988 -0.199535 
1564718101004073819 1564718101602321141 0.999991 0.004092 -0.000562 8.734459 -0.004089 0.999977 0.005333 -0.020574 0.000584 -0.005331 0.999986 -0.210266 
1564718101702366414 1564718102304513315 0.999998 -0.001130 -0.001602 8.782330 0.001127 0.999997 -0.001958 -0.023159 0.001604 0.001957 0.999997 -0.226674 
1564718102403941075 1564718103007167473 0.999995 -0.000031 -0.003281 8.809150 0.000036 0.999999 0.001683 -0.014851 0.003281 -0.001683 0.999993 -0.184953 
1564718103107513414 1564718103707294844 0.999995 0.001817 -0.002507 8.952617 -0.001824 0.999995 -0.002711 -0.038378 0.002502 0.002715 0.999993 -0.162989 
1564718103807193965 1564718104402308027 0.999983 0.002566 -0.005177 8.982342 -0.002558 0.999995 0.001634 -0.026649 0.005181 -0.001621 0.999985 -0.197707 
1564718104502699660 1564718105102973596 0.999972 0.006232 -0.004213 9.080535 -0.006228 0.999980 0.001011 -0.064494 0.004219 -0.000985 0.999991 -0.203189 
1564718105204641679 1564718105806158011 0.999965 0.008300 -0.001366 9.135975 -0.008302 0.999964 -0.001729 -0.061957 0.001351 0.001740 0.999998 -0.186085 
1564718105907534049 1564718106508495542 0.999997 0.002478 0.000677 8.954223 -0.002483 0.999970 0.007388 -0.015243 -0.000659 -0.007390 0.999972 -0.262955 
1564718106608493445 1564718107208879084 0.999986 -0.001422 -0.004998 8.832432 0.001359 0.999921 -0.012524 -0.023729 0.005016 0.012517 0.999909 -0.200941 
1564718107308949589 1564718107910330650 0.999996 0.000784 0.002533 8.757979 -0.000810 0.999945 0.010494 -0.004558 -0.002524 -0.010496 0.999942 -0.209744 
1564718108010349423 1564718108602617379 0.999992 0.001440 -0.003669 8.712000 -0.001473 0.999960 -0.008779 -0.040922 0.003656 0.008784 0.999955 -0.187550 
1564718108702304205 1564718109304516432 0.999994 0.002838 0.001878 8.694204 -0.002829 0.999984 -0.004989 -0.029443 -0.001892 0.004984 0.999986 -0.221699 
1564718109404435863 1564718110009096740 0.999997 0.000949 -0.002268 8.666752 -0.000956 0.999995 -0.003162 -0.020315 0.002265 0.003164 0.999992 -0.230437 
1564718110110367201 1564718110702989340 0.999998 -0.001147 -0.001573 8.697448 0.001147 0.999999 -0.000555 0.008579 0.001574 0.000553 0.999999 -0.216742 
1564718110804455840 1564718111407094761 0.999998 0.000505 0.002021 8.805593 -0.000512 0.999994 0.003489 -0.024723 -0.002019 -0.003490 0.999992 -0.214035 
1564718111507388414 1564718112108905070 0.999946 0.003783 -0.009709 8.834567 -0.003860 0.999961 -0.007950 -0.065524 0.009679 0.007987 0.999921 -0.141326 
1564718112208961930 1564718112804563210 0.999872 0.004130 0.015459 8.914676 -0.004254 0.999959 0.007995 -0.035720 -0.015425 -0.008060 0.999849 -0.283726 
1564718112903946507 1564718113505807110 0.999987 -0.004962 -0.001079 8.940632 0.004973 0.999935 0.010230 -0.013818 0.001028 -0.010236 0.999947 -0.205163 
1564718113607599385 1564718114207387248 0.999991 0.003933 -0.001710 9.005950 -0.003939 0.999984 -0.004069 -0.077708 0.001694 0.004076 0.999990 -0.196126 
1564718114308084508 1564718114910501494 0.999988 0.004689 0.001590 9.019828 -0.004693 0.999987 0.001939 -0.036170 -0.001581 -0.001947 0.999997 -0.220636 
1564718115010560933 1564718115607908407 0.999966 -0.001176 -0.008107 9.040289 0.001122 0.999976 -0.006777 -0.019485 0.008115 0.006768 0.999944 -0.217042 
1564718115707180937 1564718116307328621 0.999995 -0.002927 0.001253 9.082410 0.002931 0.999992 -0.002889 -0.005423 -0.001244 0.002892 0.999995 -0.229473 
1564718116407171678 1564718117010122460 0.999979 0.000618 0.006408 9.074960 -0.000601 0.999996 -0.002638 -0.028031 -0.006410 0.002634 0.999976 -0.247189 
1564718117110609506 1564718117710357297 0.999986 0.005253 0.000076 8.993122 -0.005253 0.999973 -0.005054 -0.058869 -0.000102 0.005053 0.999987 -0.256174 
1564718117810409041 1564718118402020888 0.999984 0.001466 -0.005448 8.920188 -0.001376 0.999863 0.016473 0.001567 0.005471 -0.016466 0.999849 -0.186610 
1564718118503143501 1564718119109007603 0.999991 -0.003506 -0.002244 8.888443 0.003501 0.999992 -0.001909 -0.009250 0.002250 0.001901 0.999996 -0.226299 
1564718119209105816 1564718119809015703 0.999998 0.000386 -0.001863 8.945447 -0.000383 0.999998 0.001966 -0.020179 0.001863 -0.001965 0.999996 -0.236326 
1564718119908119579 1564718120502346181 0.999963 -0.002246 -0.008246 8.917019 0.002322 0.999955 0.009153 -0.016277 0.008225 -0.009172 0.999924 -0.235205 
1564718120602309616 1564718121202469936 0.999999 0.001336 -0.000695 8.914893 -0.001334 0.999996 0.002646 -0.014598 0.000699 -0.002645 0.999996 -0.228348 
1564718121302454180 1564718121901827426 0.999998 0.001955 -0.000207 8.902476 -0.001955 0.999997 -0.001269 -0.022235 0.000204 0.001269 0.999999 -0.236961 
1564718122002454630 1564718122604227847 0.999969 0.000988 -0.007754 8.936766 -0.000966 0.999996 0.002811 -0.024433 0.007757 -0.002804 0.999966 -0.216099 
1564718122705698944 1564718123305522529 0.999999 -0.000510 -0.001388 8.919262 0.000511 1.000000 0.000845 -0.019621 0.001387 -0.000846 0.999999 -0.209062 
1564718123405588480 1564718124005701735 0.999997 0.001870 -0.001668 8.946292 -0.001873 0.999997 -0.001709 -0.018753 0.001665 0.001712 0.999997 -0.212892 
1564718124105858853 1564718124705960181 0.999999 0.000319 0.001166 8.972867 -0.000321 1.000000 0.000936 -0.013402 -0.001165 -0.000936 0.999999 -0.261260 
1564718124805856895 1564718125405810158 0.999994 0.001621 -0.002897 9.018760 -0.001629 0.999995 -0.002645 -0.040274 0.002893 0.002650 0.999992 -0.221533 
1564718125507282311 1564718126107163416 0.999992 0.001915 -0.003583 8.987151 -0.001939 0.999976 -0.006661 -0.053686 0.003570 0.006668 0.999971 -0.240298 
1564718126207167426 1564718126808541775 0.999991 0.001768 -0.003936 8.984329 -0.001731 0.999955 0.009364 -0.025369 0.003953 -0.009357 0.999948 -0.221226 
1564718126909466903 1564718127509825770 0.999998 -0.002022 0.000141 8.990749 0.002022 0.999998 0.000778 -0.009509 -0.000143 -0.000778 1.000000 -0.218135 
1564718127609775990 1564718128202217703 0.999990 0.000936 -0.004333 8.975389 -0.000953 0.999992 -0.003981 -0.023997 0.004329 0.003985 0.999983 -0.183168 
1564718128302063778 1564718128901962470 0.999996 0.001639 0.002457 8.990305 -0.001627 0.999987 -0.004819 -0.037671 -0.002465 0.004815 0.999985 -0.247285 
1564718129001967084 1564718129601912483 0.999992 0.002634 -0.002848 9.010994 -0.002634 0.999997 0.000235 -0.035224 0.002848 -0.000227 0.999996 -0.229561 
1564718129701943728 1564718130301844792 0.999996 0.002394 -0.001467 9.018526 -0.002392 0.999996 0.001548 -0.026320 0.001471 -0.001544 0.999998 -0.203634 
1564718130405269969 1564718131008268508 0.999998 0.001755 -0.000354 9.019605 -0.001753 0.999994 0.003133 -0.023745 0.000360 -0.003132 0.999995 -0.220035 
1564718131108198825 1564718131708373291 0.999996 0.002630 -0.000891 9.037360 -0.002626 0.999986 0.004546 -0.033775 0.000903 -0.004543 0.999989 -0.265367 
1564718131808297356 1564718132409675150 0.999989 0.002331 -0.004187 8.909466 -0.002323 0.999995 0.001956 -0.019737 0.004192 -0.001946 0.999989 -0.222210 
1564718132509697441 1564718133101926048 0.999992 -0.003819 -0.000949 8.863829 0.003819 0.999993 -0.000135 0.002564 0.000949 0.000131 1.000000 -0.212474 
1564718133202165145 1564718133801837094 0.999997 0.001609 0.002058 8.861293 -0.001609 0.999999 0.000243 -0.019681 -0.002058 -0.000247 0.999998 -0.264474 
1564718133901817037 1564718134501751830 0.999998 -0.001734 0.000740 8.845869 0.001731 0.999988 0.004626 0.002911 -0.000748 -0.004625 0.999989 -0.248144 
1564718134601945831 1564718135205166225 0.999993 -0.002951 -0.002406 8.865291 0.002945 0.999992 -0.002631 -0.008035 0.002414 0.002624 0.999994 -0.218601 
1564718135305048307 1564718135901835043 0.999994 0.003270 0.000618 8.831728 -0.003269 0.999994 -0.001077 -0.029549 -0.000621 0.001075 0.999999 -0.229758 
1564718136001924743 1564718136601863016 0.999999 0.000903 -0.000480 8.851867 -0.000900 0.999981 0.006143 -0.006922 0.000485 -0.006143 0.999981 -0.227106 
1564718136701855631 1564718137303641274 0.999987 -0.002455 -0.004399 8.851120 0.002455 0.999997 0.000108 -0.011135 0.004399 -0.000119 0.999990 -0.203909 
1564718137403454529 1564718138003488365 0.999998 -0.001827 -0.000028 8.821472 0.001827 0.999996 -0.002010 -0.011224 0.000032 0.002010 0.999998 -0.238341 
1564718138103492574 1564718138703471358 0.999906 -0.012893 -0.004707 8.793926 0.012896 0.999917 0.000619 0.030107 0.004699 -0.000679 0.999989 -0.207612 
1564718138803424138 1564718139406528321 0.999874 -0.015293 -0.004262 8.810393 0.015279 0.999877 -0.003417 0.033165 0.004314 0.003352 0.999985 -0.187435 
1564718139507936523 1564718140101373101 0.999811 -0.019439 -0.000350 8.756190 0.019439 0.999811 -0.000223 0.051596 0.000354 0.000216 1.000000 -0.227065 
1564718140201829130 1564718140804893376 0.999834 -0.018151 -0.001821 8.751387 0.018137 0.999805 -0.007814 0.039933 0.001962 0.007780 0.999968 -0.213960 
1564718140904911440 1564718141506455289 0.999982 0.003355 -0.004890 8.793961 -0.003293 0.999913 0.012766 -0.022448 0.004933 -0.012750 0.999907 -0.233714 
1564718141607894878 1564718142209465411 0.999957 -0.007129 -0.005897 8.841067 0.007204 0.999893 0.012762 0.014196 0.005806 -0.012804 0.999901 -0.200894 
1564718142309639414 1564718142901861055 0.999993 -0.003626 0.001020 8.796751 0.003632 0.999976 -0.005963 -0.033574 -0.000998 0.005966 0.999982 -0.209731 
1564718143006549395 1564718143608117699 0.999994 0.003317 -0.000364 8.770990 -0.003319 0.999987 -0.003951 -0.033297 0.000351 0.003952 0.999992 -0.204701 
1564718143707732271 1564718144303346946 0.999987 0.005119 0.000429 8.737097 -0.005117 0.999971 -0.005666 -0.053266 -0.000458 0.005664 0.999984 -0.243250 
1564718144403344404 1564718145005117875 0.999979 0.004762 -0.004360 8.711501 -0.004714 0.999929 0.010959 -0.022606 0.004411 -0.010938 0.999930 -0.192201 
1564718145105185846 1564718145704159021 0.999976 -0.006861 0.000474 8.661667 0.006862 0.999973 -0.002453 0.004441 -0.000457 0.002457 0.999997 -0.228868 
1564718145806450656 1564718146407857503 0.999984 -0.005536 -0.000909 8.679996 0.005534 0.999983 -0.001730 -0.012296 0.000919 0.001725 0.999998 -0.236337 
1564718146509378390 1564718147109298891 0.999991 0.004000 -0.001505 8.630728 -0.004005 0.999986 -0.003552 -0.033593 0.001491 0.003558 0.999993 -0.189343 
1564718147209567554 1564718147809681690 0.999989 0.004676 -0.000682 8.624214 -0.004674 0.999984 0.003212 -0.032008 0.000697 -0.003209 0.999995 -0.223798 
1564718147909726733 1564718148609583371 0.999991 0.002046 -0.003709 10.007434 -0.002033 0.999991 0.003610 -0.036198 0.003717 -0.003603 0.999987 -0.273132 
1564718148708699364 1564718149309364099 0.999998 0.001802 0.001140 8.586413 -0.001796 0.999987 -0.004824 -0.038661 -0.001149 0.004822 0.999988 -0.218133 
1564718149409461691 1564718150109448062 0.999990 0.003450 -0.002770 9.958798 -0.003442 0.999990 0.002897 -0.036956 0.002780 -0.002887 0.999992 -0.225156 
1564718150209539395 1564718150909647366 0.999981 -0.005316 0.003113 9.919402 0.005320 0.999985 -0.001459 0.007579 -0.003105 0.001476 0.999994 -0.283590 
1564718151009356057 1564718151709342841 0.999998 -0.001940 0.000456 9.874071 0.001941 0.999995 -0.002667 -0.020818 -0.000451 0.002668 0.999996 -0.264042 
1564718151801659280 1564718152401905302 0.999998 -0.001555 0.001221 8.484835 0.001560 0.999992 -0.003723 -0.026937 -0.001216 0.003725 0.999992 -0.240928 
1564718152503253698 1564718153203555494 0.999987 -0.002796 -0.004195 9.878497 0.002817 0.999984 0.004963 -0.009974 0.004181 -0.004974 0.999979 -0.257326 
1564718153303140059 1564718154004995822 0.999998 -0.001757 0.000940 9.860658 0.001753 0.999989 0.004401 -0.010672 -0.000948 -0.004399 0.999990 -0.251987 
1564718154104634466 1564718154809424029 0.999995 0.003132 -0.000777 9.813803 -0.003127 0.999979 0.005691 -0.026273 0.000794 -0.005688 0.999984 -0.317672 
1564718154909144257 1564718155602022027 0.999998 0.002147 -0.000189 9.429112 -0.002146 0.999992 0.003243 -0.025402 0.000196 -0.003242 0.999995 -0.301525 
1564718155701932320 1564718156503346023 0.999997 0.001244 0.001957 9.598985 -0.001245 0.999999 0.000632 -0.013604 -0.001956 -0.000634 0.999998 -0.347671 
1564718156604801823 1564718157601687508 0.999990 0.000325 -0.004542 10.120538 -0.000324 1.000000 0.000325 -0.006669 0.004542 -0.000323 0.999990 -0.333315 
1564718157701944034 1564718159003147185 1.000000 0.000070 0.000461 10.093496 -0.000070 1.000000 -0.000546 -0.016980 -0.000461 0.000545 1.000000 -0.353514 
1564718159103033810 1564718161004779011 0.999952 -0.000791 -0.009723 9.844739 0.000760 0.999994 -0.003264 -0.012859 0.009725 0.003257 0.999947 -0.271306 
1564718171209184592 1564718181000869778 0.999869 -0.010979 -0.011863 9.652163 0.010980 0.999940 -0.000008 0.039156 0.011863 -0.000122 0.999930 -0.170695 
1564718181101005253 1564718182801639706 0.999945 0.010528 -0.000236 9.896501 -0.010529 0.999940 -0.002944 -0.054593 0.000205 0.002947 0.999996 -0.171767 
1564718182901579740 1564718184201313288 0.999948 0.010127 0.001093 9.562580 -0.010134 0.999928 0.006439 -0.043993 -0.001027 -0.006450 0.999979 -0.221066 
1564718184301367807 1564718185404312989 0.999990 0.003057 -0.003353 9.375138 -0.003070 0.999988 -0.003837 -0.035541 0.003341 0.003847 0.999987 -0.174815 
1564718185504332828 1564718186504575255 0.999984 -0.005653 0.000709 9.479484 0.005656 0.999971 -0.005131 -0.024088 -0.000680 0.005135 0.999987 -0.207938 
1564718186604477132 1564718187504567438 0.999998 -0.000449 -0.002158 9.282115 0.000448 1.000000 -0.000606 -0.027504 0.002158 0.000605 0.999997 -0.194527 
1564718187604476553 1564718188500716903 0.999999 -0.000901 0.001240 9.961471 0.000899 0.999999 0.001270 -0.020494 -0.001241 -0.001268 0.999998 -0.228119 
1564718188601486073 1564718189401118570 0.999998 -0.000194 -0.001836 9.379568 0.000200 0.999995 0.003217 -0.020901 0.001836 -0.003218 0.999993 -0.228930 
1564718189500468798 1564718190302905878 0.999998 0.002191 -0.000313 9.843571 -0.002190 0.999991 0.003572 -0.028913 0.000321 -0.003572 0.999994 -0.235627 
1564718190402928669 1564718191100953740 0.999993 0.002313 -0.003060 8.853339 -0.002277 0.999928 0.011796 0.003486 0.003087 -0.011789 0.999926 -0.205315 
1564718191200776656 1564718192001168255 0.999991 0.001484 -0.004027 9.903844 -0.001497 0.999994 -0.003213 -0.027728 0.004022 0.003219 0.999987 -0.219433 
1564718192101060669 1564718192903232586 0.999998 0.001715 0.001047 9.893894 -0.001718 0.999996 0.002217 -0.018881 -0.001043 -0.002219 0.999997 -0.239442 
1564718193003153732 1564718193703438810 0.999995 0.002523 -0.001947 8.836121 -0.002521 0.999996 0.001003 -0.014901 0.001950 -0.000998 0.999998 -0.202466 
1564718193803047268 1564718194502041054 0.999990 -0.002951 -0.003347 8.983273 0.002975 0.999970 0.007094 0.004585 0.003326 -0.007103 0.999969 -0.189776 
1564718194602951394 1564718195307623118 0.999837 -0.015894 -0.008514 9.009375 0.015866 0.999868 -0.003392 0.053380 0.008567 0.003256 0.999958 -0.182145 
1564718195407554181 1564718196108935281 0.999455 -0.032737 -0.004310 8.998388 0.032684 0.999395 -0.011926 0.086783 0.004697 0.011779 0.999920 -0.193214 
1564718196209073364 1564718196901006585 0.999899 -0.006040 0.012898 9.096883 0.006001 0.999977 0.003112 -0.034444 -0.012916 -0.003034 0.999912 -0.286734 
1564718197001096325 1564718197703154324 0.999762 0.021173 -0.005323 8.789846 -0.021172 0.999776 0.000154 -0.088012 0.005325 -0.000041 0.999986 -0.200153 
1564718197801476526 1564718198602991368 0.999928 0.011978 -0.000751 9.922803 -0.011980 0.999923 -0.003335 -0.073750 0.000711 0.003344 0.999994 -0.264080 
1564718198703358014 1564718199503646708 0.999923 0.012029 -0.002937 9.756171 -0.012031 0.999927 -0.000690 -0.074497 0.002928 0.000725 0.999995 -0.257471 
1564718199604414201 1564718200405940254 0.999990 -0.004005 -0.002031 9.503346 0.004021 0.999960 0.008040 0.021979 0.001999 -0.008048 0.999966 -0.230622 
1564718200505393865 1564718201301253712 0.999803 -0.019833 -0.000757 9.198083 0.019832 0.999802 -0.001416 0.053837 0.000785 0.001401 0.999999 -0.214632 
1564718201401169922 1564718202301148192 0.999813 -0.015020 0.012166 9.448160 0.014932 0.999862 0.007344 0.035862 -0.012275 -0.007161 0.999899 -0.396496 
1564718202401200371 1564718203505426430 0.999885 -0.013832 -0.006209 9.873392 0.013816 0.999901 -0.002533 0.002441 0.006243 0.002447 0.999978 -0.295056 
1564718203605789378 1564718205000708920 0.999988 -0.003870 -0.002970 10.079228 0.003873 0.999992 0.001192 -0.009601 0.002965 -0.001203 0.999995 -0.324660 
1564718205100955193 1564718207801528820 0.998353 -0.055318 -0.015214 10.149513 0.055242 0.998458 -0.005416 0.293846 0.015490 0.004567 0.999870 -0.225430 
1564718207901528473 1564718214107400826 0.876732 -0.480354 -0.024526 9.748078 0.480559 0.876958 0.002880 1.690559 0.020125 -0.014311 0.999695 -0.120143 
1564718214208892208 1564718217101353106 0.774707 -0.632317 0.001934 9.666892 0.632320 0.774706 -0.001490 2.517877 -0.000556 0.002377 0.999997 -0.270194 
1564718217201253168 1564718219300290674 0.796213 -0.604930 0.010215 9.455146 0.604989 0.795902 -0.023004 1.592808 0.005786 0.024496 0.999683 -0.151002 
1564718219400992974 1564718220901129164 0.994938 -0.100493 -0.000181 9.835189 0.100485 0.994879 -0.010929 0.017351 0.001278 0.010856 0.999940 -0.206569 
1564718221000930326 1564718222204527846 0.999954 0.009198 -0.002842 9.559382 -0.009200 0.999958 -0.000539 -0.043647 0.002837 0.000565 0.999996 -0.161804 
1564718222303574076 1564718223303849915 0.999997 -0.000727 0.002370 9.094122 0.000731 0.999999 -0.001329 -0.029410 -0.002369 0.001331 0.999996 -0.186936 
1564718223404332188 1564718224303346234 0.999934 0.001854 -0.011346 8.974032 -0.001812 0.999992 0.003691 -0.028436 0.011353 -0.003670 0.999929 -0.117163 
1564718224404205429 1564718225303498336 0.999978 -0.004745 0.004671 9.735454 0.004750 0.999988 -0.001008 -0.020705 -0.004667 0.001031 0.999989 -0.224368 
1564718225403997017 1564718226204096865 0.999983 -0.005166 -0.002773 8.950262 0.005159 0.999984 -0.002519 -0.015783 0.002786 0.002504 0.999993 -0.161463 
1564718226303370767 1564718227106449950 0.999992 0.003612 0.001548 8.977859 -0.003610 0.999993 -0.000835 -0.034674 -0.001551 0.000830 0.999998 -0.216709 
1564718227205485487 1564718228005738813 0.999984 0.003374 -0.004450 9.200767 -0.003377 0.999994 -0.000597 -0.036277 0.004448 0.000612 0.999990 -0.153016 
1564718228105097568 1564718228900679954 0.999986 0.002762 -0.004592 9.528561 -0.002764 0.999996 -0.000372 -0.036231 0.004591 0.000384 0.999989 -0.154102 
1564718229000868570 1564718229800759998 0.999926 0.001236 -0.012139 9.731253 -0.001268 0.999996 -0.002643 -0.026101 0.012135 0.002658 0.999923 -0.165406 
1564718229900698263 1564718230700708145 0.999999 0.000406 -0.001235 10.026597 -0.000406 1.000000 -0.000195 -0.025276 0.001235 0.000196 0.999999 -0.134810 
1564718230800783972 1564718231500676344 1.000000 0.000148 -0.000319 8.926600 -0.000149 0.999995 -0.003010 -0.039443 0.000319 0.003010 0.999995 -0.179830 
1564718231600658663 1564718232300170367 0.999990 -0.003630 -0.002495 8.884844 0.003628 0.999993 -0.000953 -0.021841 0.002499 0.000944 0.999996 -0.179688 
1564718232402099104 1564718233100804109 0.999989 -0.001351 -0.004531 8.981329 0.001350 0.999999 -0.000304 -0.037641 0.004532 0.000297 0.999990 -0.196018 
1564718233202350778 1564718233904170801 0.999997 0.002062 -0.001220 9.049062 -0.002063 0.999998 -0.000749 -0.042185 0.001219 0.000752 0.999999 -0.195391 
1564718234005202610 1564718234705301111 0.999994 0.002522 -0.002237 9.116320 -0.002514 0.999990 0.003566 -0.030203 0.002246 -0.003560 0.999991 -0.210815 
1564718234805041067 1564718235506876733 0.999964 0.002123 -0.008202 9.215552 -0.002109 0.999996 0.001722 -0.033394 0.008205 -0.001705 0.999965 -0.170377 
1564718235606678900 1564718236308178623 0.999993 0.002967 -0.002390 9.303013 -0.002973 0.999993 -0.002448 -0.045008 0.002383 0.002455 0.999994 -0.160437 
1564718236408583015 1564718237100833568 0.999976 0.000858 -0.006812 9.087153 -0.000851 0.999999 0.000977 -0.032459 0.006813 -0.000971 0.999976 -0.165223 
1564718237200931617 1564718237900844744 0.999996 0.002118 -0.001956 9.317338 -0.002114 0.999996 0.001921 -0.035698 0.001960 -0.001917 0.999996 -0.200710 
1564718238004066999 1564718238707966064 0.999977 0.002002 -0.006448 9.177073 -0.001987 0.999995 0.002273 -0.032377 0.006452 -0.002260 0.999977 -0.192801 
1564718238807508486 1564718239508379873 0.999994 0.001450 -0.003186 9.058385 -0.001464 0.999989 -0.004406 -0.036396 0.003179 0.004410 0.999985 -0.193161 
1564718239600303361 1564718240299880252 0.999999 0.000538 -0.001331 9.010776 -0.000539 1.000000 -0.000642 -0.034758 0.001330 0.000643 0.999999 -0.166217 
1564718240400901206 1564718241102143951 0.999999 -0.000086 -0.001720 9.015074 0.000085 1.000000 -0.000906 -0.028283 0.001720 0.000906 0.999998 -0.189873 
1564718241202301166 1564718241903555031 0.999988 0.000891 -0.004901 9.040604 -0.000898 0.999999 -0.001406 -0.027439 0.004899 0.001410 0.999987 -0.183895 
1564718242005147207 1564718242700562972 0.999999 0.000194 0.001119 8.883472 -0.000195 0.999999 0.001666 -0.028109 -0.001118 -0.001666 0.999998 -0.238115 
1564718242800637792 1564718243500905250 0.999939 -0.000062 -0.011078 8.889063 0.000037 0.999997 -0.002250 -0.021852 0.011078 0.002250 0.999936 -0.147327 
1564718243600632488 1564718244402139959 0.999987 0.000800 0.005085 10.014827 -0.000813 0.999996 0.002643 -0.027120 -0.005083 -0.002647 0.999984 -0.254063 
1564718244504068162 1564718245302142152 0.999982 -0.003744 -0.004642 9.757695 0.003756 0.999989 0.002675 -0.007322 0.004632 -0.002693 0.999986 -0.260814 
1564718245402216419 1564718246203770050 0.999989 -0.002267 0.003990 9.489432 0.002275 0.999996 -0.001934 -0.028909 -0.003985 0.001943 0.999990 -0.264555 
1564718246303720807 1564718247205355331 0.999993 0.002879 0.002393 9.672430 -0.002880 0.999996 0.000656 -0.038741 -0.002391 -0.000663 0.999997 -0.326295 
1564718247305015717 1564718248308002022 0.999964 0.003062 -0.007913 9.656714 -0.003070 0.999995 -0.000917 -0.042459 0.007910 0.000941 0.999968 -0.233085 
1564718248408303769 1564718249700870756 0.998920 -0.044839 0.012148 9.988305 0.044821 0.998993 0.001771 0.281000 -0.012215 -0.001225 0.999925 -0.446599 
1564718249800053588 1564718251600580628 0.801764 -0.597449 -0.015150 9.529826 0.597544 0.801833 0.002326 2.592565 0.010758 -0.010918 0.999883 -0.183210 
1564718251700686207 1564718253299625525 0.859470 -0.509588 0.040387 9.602312 0.511149 0.857672 -0.055913 1.247147 -0.006147 0.068699 0.997618 -0.367259 
1564718253400252860 1564718254700481394 0.997936 -0.063021 -0.012304 9.615661 0.062986 0.998009 -0.003228 0.062277 0.012483 0.002446 0.999919 -0.179513 
1564718254799891157 1564718255900792498 0.999788 0.019620 0.006289 9.582903 -0.019510 0.999662 -0.017159 -0.141089 -0.006623 0.017032 0.999833 -0.198905 
1564718256000922199 1564718257003911817 0.999181 0.040441 0.001686 9.870309 -0.040444 0.999180 0.001719 -0.175728 -0.001616 -0.001786 0.999997 -0.217656 
1564718257103841749 1564718258003974193 0.999287 0.037740 0.001149 9.787833 -0.037745 0.999273 0.005348 -0.154028 -0.000946 -0.005388 0.999985 -0.254968 
1564718258103939236 1564718258906766987 0.999608 0.027233 0.006464 9.381565 -0.027285 0.999596 0.007966 -0.101243 -0.006245 -0.008139 0.999947 -0.267702 
1564718259006826773 1564718259807028972 0.999955 0.009185 -0.002547 9.480157 -0.009164 0.999925 0.008135 -0.039495 0.002621 -0.008111 0.999964 -0.206968 
1564718259907319058 1564718260708299861 0.999988 0.000901 0.004905 9.691165 -0.000892 0.999998 -0.001892 -0.042075 -0.004907 0.001888 0.999986 -0.267987 
1564718260808076259 1564718261600598929 0.999952 -0.001752 -0.009656 9.999094 0.001786 0.999992 0.003502 -0.027942 0.009650 -0.003519 0.999947 -0.143030 
1564718261700495273 1564718262402100798 0.999929 0.002739 0.011613 9.078771 -0.002800 0.999983 0.005206 -0.045738 -0.011598 -0.005238 0.999919 -0.291057 
1564718262500460286 1564718263200549542 0.999894 0.000071 -0.014576 9.289482 -0.000179 0.999972 -0.007418 -0.047760 0.014575 0.007420 0.999866 -0.082490 
1564718263300540153 1564718264000977845 0.999976 0.001151 0.006868 9.548446 -0.001185 0.999987 0.004922 -0.041448 -0.006863 -0.004930 0.999964 -0.226902 
1564718264100765984 1564718264805457600 0.999975 0.002151 -0.006748 9.724667 -0.002153 0.999998 -0.000199 -0.048241 0.006748 0.000213 0.999977 -0.234389 
1564718264905571761 1564718265600876503 0.999998 0.001002 -0.001665 9.909511 -0.000999 0.999998 0.001957 -0.032440 0.001667 -0.001956 0.999997 -0.207622 
1564718265702483382 1564718266302474513 0.999944 0.002482 -0.010262 8.663865 -0.002519 0.999990 -0.003567 -0.047016 0.010253 0.003592 0.999941 -0.161618 
1564718266404077398 1564718267006020230 0.999971 0.007268 0.002377 8.804647 -0.007294 0.999912 0.011047 -0.043916 -0.002296 -0.011064 0.999936 -0.198462 
1564718267105648787 1564718267706925406 0.999979 0.006280 -0.001472 8.843208 -0.006284 0.999976 -0.002938 -0.047880 0.001454 0.002947 0.999995 -0.204948 
1564718267806670543 1564718268406929537 0.999975 0.006786 0.002174 8.781572 -0.006775 0.999964 -0.005095 -0.060656 -0.002209 0.005080 0.999985 -0.225248 
1564718268507139368 1564718269107059040 0.999955 0.009338 0.001498 8.718125 -0.009350 0.999922 0.008258 -0.038653 -0.001421 -0.008271 0.999965 -0.257034 
1564718269206926983 1564718269902270102 0.999891 0.014153 -0.004310 10.245981 -0.014176 0.999886 -0.005178 -0.091317 0.004236 0.005239 0.999977 -0.229706 
1564718270001128478 1564718270602264146 0.999848 0.016425 -0.005769 8.813339 -0.016437 0.999863 -0.002165 -0.096556 0.005733 0.002259 0.999981 -0.195232 
1564718270703895701 1564718271304197289 0.999588 0.021870 0.018571 8.833978 -0.022066 0.999702 0.010449 -0.098564 -0.018337 -0.010855 0.999773 -0.330425 
1564718271404131475 1564718272003697602 0.999377 0.028030 -0.021464 8.871919 -0.028116 0.999598 -0.003702 -0.127094 0.021351 0.004303 0.999763 -0.177308 
1564718272104128436 1564718272703816208 0.999826 0.018647 0.000957 8.968610 -0.018647 0.999826 -0.000550 -0.084953 -0.000967 0.000533 0.999999 -0.241598 
1564718272803887596 1564718273404181313 0.999921 0.012295 0.002504 9.121927 -0.012288 0.999921 -0.002704 -0.073772 -0.002537 0.002673 0.999993 -0.245539 
1564718273504126643 1564718274104326370 0.999943 0.009529 -0.004846 9.272690 -0.009510 0.999947 0.003969 -0.050351 0.004883 -0.003923 0.999980 -0.187236 
1564718274203959356 1564718274803917701 0.999895 0.010385 -0.010059 9.419951 -0.010447 0.999927 -0.006109 -0.077699 0.009995 0.006214 0.999931 -0.069756 
1564718274903857973 1564718275503720527 0.999979 0.006267 0.001845 9.541896 -0.006266 0.999980 -0.000401 -0.051890 -0.001847 0.000389 0.999998 -0.192483 
1564718275604415507 1564718276203945097 0.999976 0.005774 -0.003739 9.667626 -0.005734 0.999928 0.010532 -0.037938 0.003799 -0.010511 0.999938 -0.201596 
1564718276303337762 1564718276905601348 0.999924 0.012085 0.002254 9.833069 -0.012070 0.999905 -0.006681 -0.095526 -0.002334 0.006653 0.999975 -0.273026 
1564718277004854753 1564718277605618279 0.999870 0.016010 0.001739 9.935254 -0.016021 0.999850 0.006571 -0.081493 -0.001634 -0.006598 0.999977 -0.245256 
1564718277705468575 1564718278305575681 0.999900 0.013839 -0.002946 9.795942 -0.013800 0.999821 0.012960 -0.065947 0.003125 -0.012918 0.999912 -0.230860 
1564718278405546433 1564718279005996306 0.999904 0.012774 0.005395 9.738831 -0.012721 0.999872 -0.009715 -0.082739 -0.005519 0.009645 0.999938 -0.226585 
1564718279105814839 1564718279708809243 0.999946 0.010419 -0.000258 9.741979 -0.010421 0.999913 -0.008068 -0.090085 0.000174 0.008070 0.999967 -0.227309 
1564718279810197005 1564718280400945512 0.999797 0.020038 -0.002124 9.731949 -0.020030 0.999794 0.003421 -0.107424 0.002192 -0.003378 0.999992 -0.219457 
1564718280500519466 1564718281101065817 0.999926 0.011814 0.002992 9.773135 -0.011823 0.999926 0.003016 -0.067908 -0.002956 -0.003051 0.999991 -0.216418 
1564718281201081802 1564718281801073660 0.999938 0.008502 -0.007177 9.820059 -0.008526 0.999958 -0.003355 -0.057036 0.007148 0.003416 0.999969 -0.178004 
1564718281901026052 1564718282501154259 0.999978 0.006488 0.001493 9.877893 -0.006486 0.999978 -0.001300 -0.062662 -0.001502 0.001290 0.999998 -0.241014 
1564718282601152905 1564718283202967264 0.999955 0.007007 -0.006412 9.898565 -0.006972 0.999961 0.005396 -0.059930 0.006449 -0.005351 0.999965 -0.216370 
1564718283304066085 1564718283905647051 0.999979 0.006369 0.000823 9.958507 -0.006379 0.999894 0.013069 -0.038243 -0.000740 -0.013074 0.999914 -0.264576 
1564718284005011818 1564718284607269670 0.999997 0.001423 -0.002032 9.773926 -0.001428 0.999995 -0.002674 -0.039161 0.002028 0.002677 0.999994 -0.244827 
1564718284707113048 1564718285300510167 0.999987 0.002089 -0.004594 9.661561 -0.002018 0.999879 0.015393 0.005774 0.004626 -0.015383 0.999871 -0.223418 
1564718285400595284 1564718285999994012 0.999868 0.016034 -0.002736 9.734746 -0.016069 0.999781 -0.013414 -0.101145 0.002520 0.013456 0.999906 -0.239631 
1564718286100506457 1564718286701343880 0.999811 0.019462 -0.000114 9.698482 -0.019462 0.999810 0.000809 -0.100506 0.000130 -0.000806 1.000000 -0.247989 
1564718286805592852 1564718287405241266 0.999836 0.018032 -0.001521 9.668306 -0.018047 0.999787 -0.009991 -0.101619 0.001341 0.010017 0.999949 -0.213998 
1564718287506267213 1564718288106814103 0.999915 0.012952 -0.001640 9.686158 -0.012953 0.999916 -0.000468 -0.067134 0.001634 0.000489 0.999999 -0.220423 
1564718288206683320 1564718288807030047 0.999866 0.015875 0.003960 9.723453 -0.015884 0.999871 0.002230 -0.089953 -0.003924 -0.002293 0.999990 -0.300542 
1564718288907031229 1564718289508465469 0.999838 0.017720 -0.003193 9.682174 -0.017697 0.999818 0.007114 -0.077952 0.003318 -0.007056 0.999970 -0.244260 
1564718289608466568 1564718290201057446 0.999881 0.015340 -0.001493 9.729610 -0.015343 0.999880 -0.001910 -0.090106 0.001463 0.001932 0.999997 -0.281047 
1564718290302106802 1564718290900549664 0.999795 0.019688 -0.004635 9.697694 -0.019687 0.999806 0.000286 -0.098972 0.004639 -0.000194 0.999989 -0.220543 
1564718291000879417 1564718291605625171 0.999809 0.019524 -0.001151 9.724963 -0.019534 0.999758 -0.010114 -0.113253 0.000954 0.010135 0.999948 -0.231118 
1564718291705939364 1564718292306690617 0.999855 0.017011 -0.000023 9.728958 -0.017011 0.999840 0.005455 -0.077536 0.000116 -0.005453 0.999985 -0.223194 
1564718292407057267 1564718293006835283 0.999860 0.016750 0.000255 9.747435 -0.016752 0.999827 0.008128 -0.065532 -0.000119 -0.008131 0.999967 -0.245441 
1564718293106970264 1564718293700867310 0.999823 0.018166 -0.004915 9.787591 -0.018175 0.999833 -0.001942 -0.089019 0.004879 0.002031 0.999986 -0.222046 
1564718293800730186 1564718294400986408 0.999906 0.013367 0.003049 9.708237 -0.013365 0.999910 -0.000827 -0.068542 -0.003060 0.000786 0.999995 -0.273487 
1564718294500161626 1564718295105559430 0.999995 0.003196 -0.000694 9.623426 -0.003193 0.999990 0.003171 -0.013310 0.000705 -0.003169 0.999995 -0.261814 
1564718295207211172 1564718295800518266 0.999997 -0.000998 -0.002379 9.625369 0.000982 0.999977 -0.006740 -0.023321 0.002385 0.006737 0.999974 -0.231667 
1564718295900540961 1564718296500744554 0.999998 0.001353 -0.001655 9.656607 -0.001343 0.999978 0.006558 0.001815 0.001664 -0.006556 0.999977 -0.230630 
1564718296600911926 1564718297200941572 0.999945 0.003655 -0.009824 9.671660 -0.003608 0.999982 0.004884 -0.014258 0.009842 -0.004848 0.999940 -0.220745 
1564718297301130096 1564718297900882360 0.999979 0.003573 -0.005415 9.657855 -0.003616 0.999962 -0.007884 -0.029892 0.005386 0.007903 0.999954 -0.196455 
1564718298001100484 1564718298600891364 0.999963 0.002007 0.008392 9.678625 -0.001941 0.999968 -0.007771 -0.063725 -0.008408 0.007755 0.999935 -0.268376 
1564718298701034876 1564718299302707549 0.999999 0.000572 -0.001549 9.711811 -0.000575 0.999997 -0.002194 -0.032519 0.001547 0.002195 0.999996 -0.220427 
1564718299404055574 1564718300004326610 0.999987 0.002350 -0.004536 9.701982 -0.002365 0.999992 -0.003347 -0.046437 0.004528 0.003358 0.999984 -0.224968 
1564718300104313652 1564718300705594435 0.999998 0.002120 -0.000420 9.702234 -0.002119 0.999995 0.002484 -0.036854 0.000425 -0.002483 0.999997 -0.223559 
1564718300805241500 1564718301405592983 0.999997 0.001545 -0.001912 9.602687 -0.001553 0.999991 -0.003979 -0.050623 0.001906 0.003982 0.999990 -0.226232 
1564718301505161896 1564718302108657696 0.999991 -0.000338 0.004128 9.440685 0.000305 0.999969 0.007866 -0.002993 -0.004130 -0.007865 0.999961 -0.263430 
1564718302208379848 1564718302800643697 1.000000 -0.000295 -0.000407 9.314662 0.000290 0.999925 -0.012216 -0.041666 0.000411 0.012216 0.999925 -0.239397 
1564718302900520173 1564718303500844936 0.999997 -0.000774 -0.002487 9.205480 0.000792 0.999974 0.007208 0.005286 0.002481 -0.007210 0.999971 -0.218484 
1564718303600833755 1564718304201203110 0.999993 0.000524 -0.003825 9.214832 -0.000468 0.999896 0.014405 -0.002572 0.003833 -0.014403 0.999889 -0.202374 
1564718304301122342 1564718304904149141 0.999995 0.002864 -0.001467 9.253222 -0.002870 0.999989 -0.003620 -0.020006 0.001457 0.003624 0.999992 -0.218693 
1564718305004175292 1564718305605477035 0.999997 0.000665 -0.002491 9.219036 -0.000671 0.999996 -0.002602 -0.021127 0.002489 0.002603 0.999994 -0.207562 
1564718305706678498 1564718306300661007 0.999991 0.000992 -0.004012 9.250841 -0.001014 0.999984 -0.005553 -0.028570 0.004006 0.005557 0.999977 -0.209976 
1564718306400753874 1564718307006860255 0.999991 -0.002468 0.003556 9.227722 0.002485 0.999987 -0.004555 -0.007466 -0.003545 0.004563 0.999983 -0.224539 
1564718307106775956 1564718307706243717 0.999994 -0.001228 0.003339 9.245059 0.001225 0.999999 0.001029 -0.005099 -0.003341 -0.001025 0.999994 -0.241379 
1564718307807008543 1564718308408487300 0.999985 0.005276 -0.001555 9.102238 -0.005269 0.999977 0.004184 -0.030043 0.001577 -0.004176 0.999990 -0.236631 
1564718308508497615 1564718309100540342 0.999983 0.003161 -0.004797 8.954636 -0.003162 0.999995 -0.000123 -0.021993 0.004796 0.000138 0.999988 -0.207026 
1564718309200251213 1564718309800506269 0.999998 -0.000790 0.001757 8.817505 0.000800 0.999984 -0.005604 -0.018232 -0.001753 0.005605 0.999983 -0.261122 
1564718309900484342 1564718310500670663 0.999990 -0.002953 -0.003441 8.749181 0.002957 0.999995 0.001014 -0.003903 0.003438 -0.001024 0.999994 -0.208974 
1564718310600695088 1564718311200661562 0.999977 -0.006666 0.001423 8.709870 0.006675 0.999956 -0.006625 0.002180 -0.001379 0.006634 0.999977 -0.201543 
1564718311300526085 1564718311900751032 0.999999 0.000116 -0.001501 8.662083 -0.000116 1.000000 -0.000158 -0.020411 0.001501 0.000158 0.999999 -0.177142 
1564718312000826252 1564718312600738122 0.999991 0.002059 -0.003787 8.671705 -0.002070 0.999994 -0.002743 -0.016785 0.003782 0.002751 0.999989 -0.184031 
1564718312700809419 1564718313303815131 0.999998 0.001161 -0.001830 8.692390 -0.001150 0.999982 0.005853 -0.009085 0.001836 -0.005851 0.999981 -0.185217 
1564718313403902965 1564718314006881445 0.999999 0.000278 0.001606 8.736826 -0.000277 1.000000 -0.000299 0.002075 -0.001606 0.000299 0.999999 -0.199603 
1564718314108304062 1564718314701830325 0.999973 -0.006936 -0.002619 8.681790 0.006929 0.999973 -0.002466 0.010061 0.002636 0.002448 0.999994 -0.191338 
1564718314800432956 1564718315401206294 0.999989 -0.004582 -0.000483 8.702640 0.004578 0.999950 -0.008845 -0.006723 0.000524 0.008842 0.999961 -0.221224 
1564718315500547585 1564718316102483357 0.999988 -0.004472 -0.001977 8.701667 0.004480 0.999982 0.003901 0.001615 0.001959 -0.003910 0.999990 -0.223408 
1564718316202556029 1564718316804021230 0.999981 -0.004371 -0.004303 8.745489 0.004375 0.999990 0.000963 0.001660 0.004298 -0.000982 0.999990 -0.213862 
1564718316905362575 1564718317508586515 0.999978 -0.005678 -0.003439 8.712901 0.005694 0.999973 0.004590 0.014168 0.003413 -0.004609 0.999984 -0.208110 
1564718317608558377 1564718318300672870 0.999967 -0.006025 -0.005460 10.025110 0.006058 0.999963 0.006064 0.023560 0.005423 -0.006096 0.999967 -0.223136 
1564718318400631812 1564718319102296800 0.999965 -0.005719 0.006128 9.829235 0.005704 0.999981 0.002533 0.021457 -0.006143 -0.002498 0.999978 -0.283027 
1564718319201576126 1564718319906694384 0.999955 -0.006033 -0.007293 9.662245 0.006030 0.999982 -0.000453 0.010813 0.007296 0.000409 0.999973 -0.201630 
1564718320006941854 1564718320707039139 0.999980 -0.004963 0.004038 9.493266 0.004965 0.999988 -0.000497 0.008389 -0.004035 0.000517 0.999992 -0.269313 
1564718320806897228 1564718321500734632 0.999984 -0.000099 -0.005614 9.303152 0.000062 0.999979 -0.006496 -0.028706 0.005615 0.006496 0.999963 -0.226547 
1564718321602179233 1564718322302086639 0.999779 0.021001 -0.000883 9.106572 -0.020999 0.999777 0.002286 -0.084243 0.000931 -0.002267 0.999997 -0.247765 
1564718322402196501 1564718323105275022 0.999967 0.007837 -0.002244 8.882112 -0.007827 0.999960 0.004379 -0.034655 0.002278 -0.004361 0.999988 -0.238491 
1564718323205178993 1564718324005295136 0.999949 0.005758 -0.008301 9.758873 -0.005769 0.999982 -0.001342 -0.036465 0.008293 0.001390 0.999965 -0.243230 
1564718324105297434 1564718325005075002 0.999956 -0.007177 -0.006107 10.101257 0.007185 0.999973 0.001260 0.018731 0.006098 -0.001303 0.999981 -0.257409 
1564718325105113984 1564718326105340401 0.999956 -0.008612 0.003772 9.912757 0.008569 0.999900 0.011207 0.036017 -0.003868 -0.011174 0.999930 -0.312548 
1564718326205296938 1564718327400627798 0.994074 -0.108387 -0.008364 9.725523 0.108562 0.993789 0.024440 0.491680 0.005663 -0.025203 0.999666 -0.298649 
1564718327500602306 1564718328905076446 0.978572 -0.205897 -0.001753 9.810749 0.205903 0.978560 0.004981 0.792793 0.000690 -0.005236 0.999986 -0.250490 
1564718329006710700 1564718330602439179 0.938171 -0.345430 0.022649 9.877685 0.345704 0.938296 -0.009413 1.238348 -0.018000 0.016661 0.999699 -0.313682 
1564718330703710954 1564718332206673402 0.939198 -0.343077 -0.014344 9.363534 0.342881 0.939267 -0.014499 1.061715 0.018447 0.008699 0.999792 -0.176591 
1564718332308191226 1564718333700241482 0.968030 -0.250673 0.009048 9.505125 0.250710 0.968057 -0.003218 0.780794 -0.007952 0.005384 0.999954 -0.187809 
1564718333800321603 1564718335102524785 0.989064 -0.147482 -0.001130 9.829049 0.147455 0.988983 -0.012985 0.390288 0.003033 0.012676 0.999915 -0.177104 
1564718335204085566 1564718336399750936 0.997835 -0.065761 0.001051 9.975365 0.065765 0.997825 -0.004524 0.161145 -0.000751 0.004583 0.999989 -0.201434 
1564718336500952629 1564718337503695185 0.999787 -0.020621 -0.000209 8.936144 0.020621 0.999781 -0.003619 0.033535 0.000284 0.003614 0.999993 -0.193295 
1564718337603755534 1564718338606955076 0.999999 0.000462 0.001309 9.567050 -0.000459 0.999998 -0.002119 -0.045384 -0.001310 0.002118 0.999997 -0.197724 
1564718338707004295 1564718339608329750 0.999965 -0.008152 0.002005 9.142226 0.008154 0.999966 -0.000949 -0.003922 -0.001997 0.000966 0.999998 -0.196816 
1564718339708210893 1564718340600543538 0.999981 0.005682 -0.002572 9.622408 -0.005688 0.999982 -0.002137 -0.050809 0.002560 0.002151 0.999994 -0.187401 
1564718340700390027 1564718341500946762 0.999996 0.000843 0.002558 8.932154 -0.000844 1.000000 0.000326 -0.027967 -0.002558 -0.000328 0.999997 -0.185428 
1564718341601125435 1564718342405120392 0.999987 -0.000760 0.005049 9.151026 0.000765 0.999999 -0.001046 -0.015834 -0.005048 0.001050 0.999987 -0.217108 
1564718342505052769 1564718343300102365 0.999971 0.007520 -0.000756 9.090041 -0.007519 0.999971 0.000953 -0.042948 0.000763 -0.000948 0.999999 -0.197713 
1564718343399800038 1564718344200402343 0.999992 0.003323 -0.002230 9.191013 -0.003321 0.999994 0.000826 -0.034858 0.002233 -0.000819 0.999997 -0.203362 
1564718344300268050 1564718345100557439 0.999991 0.002568 0.003295 9.389372 -0.002571 0.999996 0.000774 -0.028743 -0.003293 -0.000782 0.999994 -0.233671 
1564718345203359894 1564718346007977411 0.999988 -0.004839 0.000685 9.546215 0.004837 0.999986 0.002138 -0.003799 -0.000695 -0.002135 0.999997 -0.214179 
1564718346107894312 1564718346899528236 0.999999 -0.001087 0.001100 9.594296 0.001090 0.999996 -0.002793 -0.049138 -0.001097 0.002794 0.999995 -0.216518 
1564718347000139779 1564718347800000896 0.999984 0.005513 -0.001600 9.724593 -0.005512 0.999985 0.000287 -0.046635 0.001602 -0.000279 0.999999 -0.211743 
1564718347899812505 1564718348700159437 0.999994 0.003368 0.000432 9.767748 -0.003368 0.999994 0.000563 -0.042702 -0.000430 -0.000564 1.000000 -0.247508 
1564718348800132213 1564718349600193097 0.999997 -0.002372 -0.000951 9.662069 0.002373 0.999996 0.001566 -0.010979 0.000947 -0.001568 0.999998 -0.249501 
1564718349700265973 1564718350500276302 1.000000 0.000173 -0.000272 9.513911 -0.000173 0.999999 -0.001133 -0.034531 0.000272 0.001133 0.999999 -0.268882 
1564718350600323706 1564718351402108470 0.999991 -0.004263 -0.000266 9.360560 0.004263 0.999990 0.000986 -0.003097 0.000261 -0.000987 0.999999 -0.258676 
1564718351502325700 1564718352300156470 0.999992 -0.001342 -0.003722 9.368364 0.001337 0.999998 -0.001280 -0.022627 0.003723 0.001275 0.999992 -0.233619 
1564718352400629695 1564718353203591413 0.999985 -0.000785 0.005416 9.097228 0.000782 1.000000 0.000516 -0.023432 -0.005416 -0.000512 0.999985 -0.293006 
1564718353303554699 1564718354200686051 0.999973 -0.007414 -0.000099 9.314699 0.007414 0.999966 0.003494 0.028706 0.000073 -0.003494 0.999994 -0.298468 
1564718354300607227 1564718355403595208 0.996393 -0.084734 -0.004492 10.016278 0.084749 0.996397 0.003304 0.363561 0.004196 -0.003672 0.999984 -0.305709 
1564718355503516307 1564718356900355556 0.978226 -0.207537 -0.001502 9.999275 0.207534 0.978226 -0.002070 0.893958 0.001899 0.001714 0.999997 -0.323296 
1564718357000276519 1564718358803356735 0.917067 -0.398727 0.002072 9.448972 0.398708 0.916941 -0.015849 1.448235 0.004420 0.015360 0.999872 -0.263379 
1564718358904631074 1564718360699760020 0.900396 -0.435040 -0.005273 9.339763 0.434750 0.900130 -0.027536 1.290761 0.016726 0.022501 0.999607 -0.195949 
1564718360799762037 1564718362400284923 0.977823 -0.209432 -0.000674 9.808689 0.209408 0.977751 -0.012327 0.530253 0.003241 0.011913 0.999924 -0.161322 
1564718362500301312 1564718363901831831 0.996625 -0.081995 0.003857 9.711239 0.082046 0.996502 -0.015893 0.171928 -0.002540 0.016156 0.999866 -0.261679 
1564718364001803458 1564718365203379792 0.999984 -0.002103 -0.005174 9.607219 0.002078 0.999987 -0.004708 -0.047916 0.005184 0.004697 0.999976 -0.225327 
1564718365303330112 1564718366306653653 0.999933 -0.011048 -0.003515 9.037293 0.011052 0.999938 0.001034 0.035908 0.003504 -0.001073 0.999993 -0.177027 
1564718366406648280 1564718367400219464 0.999942 0.010740 -0.000450 9.801731 -0.010739 0.999942 0.000623 -0.070378 0.000456 -0.000618 1.000000 -0.211770 
1564718367500158109 1564718368402150121 0.999977 0.005313 0.004280 9.231965 -0.005306 0.999985 -0.001603 -0.013934 -0.004288 0.001580 0.999990 -0.259096 
1564718368502157688 1564718369402462725 0.999991 -0.000487 -0.004174 9.055394 0.000485 1.000000 -0.000271 -0.026240 0.004174 0.000269 0.999991 -0.228032 
1564718369502037620 1564718370503586114 0.999703 0.021835 -0.010780 9.985295 -0.021855 0.999760 -0.001689 -0.093657 0.010740 0.001924 0.999940 -0.191092 
1564718370603035492 1564718371506558630 0.999701 0.024384 -0.001862 9.451113 -0.024377 0.999696 0.003722 -0.091990 0.001953 -0.003676 0.999991 -0.193871 
1564718371607521104 1564718372501481826 0.999989 0.003110 -0.003491 9.957426 -0.003093 0.999984 0.004673 -0.007989 0.003505 -0.004663 0.999983 -0.189505 
1564718372599681888 1564718373400318558 0.999738 -0.022532 -0.004093 9.375982 0.022522 0.999743 -0.002596 0.064687 0.004151 0.002503 0.999988 -0.188185 
1564718373501903179 1564718374306935470 0.999527 -0.030603 -0.002872 9.858575 0.030614 0.999525 0.003627 0.089399 0.002760 -0.003713 0.999989 -0.191149 
1564718374407706933 1564718375099213475 0.999994 0.003475 0.000043 9.049058 -0.003475 0.999969 -0.007037 -0.055750 -0.000068 0.007037 0.999975 -0.194332 
1564718375199983119 1564718375906438082 0.999976 -0.003740 -0.005782 9.421475 0.003718 0.999986 -0.003654 -0.013055 0.005796 0.003632 0.999977 -0.206420 
1564718376006481254 1564718376707684791 1.000000 0.000018 0.000738 9.738818 -0.000016 0.999995 -0.003031 -0.029764 -0.000738 0.003031 0.999995 -0.197208 
1564718376807739703 1564718377399941518 0.999973 0.001690 -0.007193 8.588895 -0.001665 0.999992 0.003580 -0.013909 0.007199 -0.003568 0.999968 -0.144619 
1564718377499900987 1564718378100127617 0.999972 0.007460 -0.000095 8.819649 -0.007460 0.999969 -0.002562 -0.055224 0.000076 0.002563 0.999997 -0.179303 
1564718378199932867 1564718378800268256 0.999977 0.006811 -0.000594 9.010124 -0.006810 0.999975 0.001867 -0.042956 0.000607 -0.001863 0.999998 -0.226185 
1564718378899925575 1564718379503134851 0.999931 -0.011550 -0.002273 9.238532 0.011552 0.999932 0.001260 0.040876 0.002259 -0.001287 0.999997 -0.193429 
1564718379604805381 1564718380207953247 0.999963 -0.006505 -0.005603 9.419889 0.006497 0.999978 -0.001379 -0.004858 0.005612 0.001342 0.999983 -0.171130 
1564718380308026327 1564718380907658295 0.999955 0.007463 0.005791 9.566276 -0.007463 0.999972 0.000128 -0.053025 -0.005790 -0.000171 0.999983 -0.244934 
1564718380999933420 1564718381600024738 0.999986 0.004727 -0.002448 9.484253 -0.004719 0.999984 0.003261 -0.033353 0.002464 -0.003250 0.999992 -0.258373 
1564718381700330920 1564718382301945283 0.999977 0.005329 -0.004312 9.276823 -0.005333 0.999985 -0.000942 -0.033028 0.004307 0.000965 0.999990 -0.232344 
1564718382402122633 1564718383001839388 0.999987 0.004632 -0.002293 9.106825 -0.004642 0.999981 -0.004114 -0.034431 0.002274 0.004125 0.999989 -0.227184 
1564718383101723303 1564718383702067381 0.999974 0.006081 0.003833 9.017579 -0.006123 0.999920 0.011087 -0.029676 -0.003766 -0.011110 0.999931 -0.263354 
1564718383802195742 1564718384400562285 0.999986 -0.001909 -0.004921 8.880707 0.001881 0.999982 -0.005704 -0.009777 0.004932 0.005695 0.999972 -0.184479 
1564718384500160094 1564718385101476235 0.999986 -0.003607 0.003954 8.830995 0.003640 0.999958 -0.008375 -0.010741 -0.003923 0.008390 0.999957 -0.242096 
1564718385203486520 1564718385804923831 0.999997 0.001180 -0.002305 8.836975 -0.001189 0.999991 -0.004143 -0.022262 0.002300 0.004146 0.999989 -0.218415 
1564718385906678344 1564718386507779204 0.999978 0.006580 0.000855 8.929538 -0.006580 0.999978 0.000058 -0.040060 -0.000855 -0.000064 1.000000 -0.240158 
1564718386607941314 1564718387200347630 0.999987 0.004983 -0.000620 8.927302 -0.004982 0.999985 0.002137 -0.050866 0.000631 -0.002134 0.999998 -0.223672 
1564718387303726538 1564718387903618228 0.999988 -0.000771 -0.004755 8.969668 0.000733 0.999967 -0.008108 -0.054935 0.004761 0.008104 0.999956 -0.155595 
1564718388003636576 1564718388605172997 0.999885 0.000930 0.015106 9.080279 -0.001120 0.999920 0.012573 -0.034885 -0.015093 -0.012589 0.999807 -0.297330 
1564718388704998090 1564718389306237058 0.999999 -0.000820 -0.001124 9.143713 0.000830 0.999956 0.009321 -0.039765 0.001116 -0.009322 0.999956 -0.198958 
1564718389400238645 1564718390000131824 0.999982 0.005610 -0.002112 9.220827 -0.005615 0.999982 -0.002119 -0.077027 0.002101 0.002131 0.999996 -0.189829 
1564718390100053950 1564718390703709509 0.999992 0.003113 0.002539 9.264946 -0.003117 0.999994 0.001500 -0.025527 -0.002534 -0.001508 0.999996 -0.226206 
1564718390803794574 1564718391403625483 0.999958 -0.003046 -0.008666 9.322197 0.002981 0.999968 -0.007456 -0.017064 0.008689 0.007430 0.999935 -0.217901 
1564718391503545140 1564718392103220751 0.999995 0.000712 -0.002979 9.387153 -0.000720 0.999996 -0.002866 -0.022168 0.002977 0.002868 0.999991 -0.189749 
1564718392203679156 1564718392800361465 0.999971 -0.001254 0.007500 9.479880 0.001269 0.999997 -0.002027 -0.016927 -0.007497 0.002036 0.999970 -0.245893 
1564718392900317226 1564718393500620616 0.999988 -0.004831 0.000184 9.546282 0.004832 0.999982 -0.003544 -0.015877 -0.000167 0.003545 0.999994 -0.253660 
1564718393600672035 1564718394202267254 0.999993 -0.002493 -0.002815 9.591989 0.002530 0.999908 0.013329 0.011613 0.002781 -0.013336 0.999907 -0.209776 
1564718394303375805 1564718394906913052 0.999998 0.002186 0.000185 9.638141 -0.002185 0.999997 -0.001280 -0.033293 -0.000188 0.001280 0.999999 -0.262222 
1564718395006839747 1564718395606562451 0.999995 0.003033 -0.000195 9.579540 -0.003035 0.999961 -0.008292 -0.037558 0.000170 0.008293 0.999966 -0.233814 
1564718395706538341 1564718396306458887 0.999984 0.003511 0.004544 9.452965 -0.003538 0.999976 0.005994 -0.023467 -0.004523 -0.006010 0.999972 -0.292176 
1564718396406900404 1564718397008431581 0.999987 0.003782 -0.003451 9.329151 -0.003762 0.999977 0.005722 -0.018434 0.003473 -0.005709 0.999978 -0.227638 
1564718397108540658 1564718397708227193 0.999984 0.004238 -0.003789 9.260214 -0.004257 0.999979 -0.004881 -0.049954 0.003768 0.004897 0.999981 -0.230247 
1564718397807537219 1564718398408403820 0.999992 -0.002771 0.002801 9.270494 0.002765 0.999994 0.002138 -0.002235 -0.002807 -0.002130 0.999994 -0.250662 
1564718398508501328 1564718399100333419 0.999983 -0.005234 -0.002674 9.286651 0.005225 0.999980 -0.003461 0.001394 0.002692 0.003447 0.999990 -0.227474 
1564718399200758336 1564718399800026031 0.999986 0.003821 -0.003579 9.332950 -0.003820 0.999993 0.000337 -0.020941 0.003580 -0.000323 0.999994 -0.197085 
1564718399900880036 1564718400502045438 0.999994 0.003129 0.001315 9.369179 -0.003128 0.999995 -0.000668 -0.032193 -0.001317 0.000664 0.999999 -0.235247 
1564718400600679920 1564718401201041011 0.999981 0.001768 -0.005904 9.426528 -0.001817 0.999963 -0.008411 -0.049516 0.005889 0.008421 0.999947 -0.206343 
1564718401300585913 1564718401903985203 0.999999 -0.000211 -0.001589 9.434691 0.000224 0.999961 0.008801 -0.022575 0.001587 -0.008802 0.999960 -0.225766 
1564718402005733712 1564718402607005016 0.999998 -0.001507 0.001098 9.472687 0.001506 0.999998 0.001205 -0.018057 -0.001100 -0.001204 0.999999 -0.232780 
1564718402708473838 1564718403300145710 0.999988 0.002750 -0.004027 9.471973 -0.002767 0.999987 -0.004358 -0.034607 0.004015 0.004369 0.999982 -0.198547 
1564718403400400939 1564718404000328317 0.999996 0.001393 0.002321 9.521314 -0.001386 0.999994 -0.003298 -0.039656 -0.002326 0.003294 0.999992 -0.256869 
1564718404100466048 1564718404702617803 0.999989 0.000814 -0.004600 9.566572 -0.000801 0.999996 0.002882 -0.027084 0.004602 -0.002878 0.999985 -0.218242 
1564718404801812059 1564718405403763749 0.999999 0.001420 -0.000964 9.578469 -0.001419 0.999998 0.001004 -0.031448 0.000965 -0.001003 0.999999 -0.230304 
1564718405504201294 1564718406103936251 0.999998 0.000161 0.002073 9.570379 -0.000166 0.999997 0.002346 -0.018955 -0.002073 -0.002346 0.999995 -0.268478 
1564718406203903010 1564718406805047691 1.000000 -0.000668 0.000446 9.443411 0.000665 0.999988 0.004773 -0.011547 -0.000449 -0.004773 0.999989 -0.265202 
1564718406905367499 1564718407500826347 0.999992 -0.000118 -0.004106 9.337291 0.000127 0.999997 0.002282 -0.016371 0.004106 -0.002283 0.999989 -0.243584 
1564718407600731706 1564718408200675978 0.999993 -0.000363 -0.003718 9.298076 0.000356 0.999998 -0.001813 -0.023394 0.003719 0.001811 0.999991 -0.224764 
1564718408299952073 1564718408902410706 0.999999 -0.000395 -0.001460 9.195833 0.000404 0.999981 0.006171 -0.014379 0.001458 -0.006172 0.999980 -0.212988 
1564718409002585673 1564718409603835391 0.999995 0.000703 -0.003056 9.162508 -0.000712 0.999995 -0.003003 -0.023819 0.003054 0.003005 0.999991 -0.209742 
1564718409703860950 1564718410305221242 1.000000 0.000210 -0.000954 9.121624 -0.000213 0.999996 -0.002979 -0.018523 0.000953 0.002979 0.999995 -0.257904 
1564718410406711268 1564718411008528331 0.999998 -0.000448 -0.001728 9.074817 0.000453 0.999996 0.002783 -0.016196 0.001726 -0.002784 0.999995 -0.233103 
1564718411108216734 1564718411700452032 0.999993 -0.000401 -0.003637 9.034448 0.000409 0.999998 0.002166 -0.004466 0.003636 -0.002167 0.999991 -0.220013 
1564718411799624148 1564718412400479707 0.999993 -0.003515 -0.001384 8.996557 0.003518 0.999992 0.001977 0.003349 0.001377 -0.001982 0.999997 -0.245082 
1564718412500910134 1564718413102339538 0.999978 -0.006589 0.000100 8.959001 0.006590 0.999971 -0.003738 0.012174 -0.000075 0.003739 0.999993 -0.229868 
1564718413202264802 1564718413802599996 0.999921 -0.012512 0.000831 8.936138 0.012514 0.999920 -0.001915 0.018924 -0.000806 0.001926 0.999998 -0.239307 
1564718413902525134 1564718414506940870 0.999885 -0.014964 -0.002615 8.878116 0.014950 0.999874 -0.005279 0.036984 0.002693 0.005239 0.999983 -0.209069 
1564718414606959569 1564718415200381176 0.999882 -0.015095 -0.002921 8.871583 0.015089 0.999884 -0.002092 0.036776 0.002952 0.002047 0.999994 -0.199201 
1564718415299669526 1564718415900543032 0.999891 -0.014700 0.001528 8.818724 0.014696 0.999889 0.002299 0.034948 -0.001562 -0.002276 0.999996 -0.237399 
1564718416000477147 1564718416600565102 0.999992 -0.002820 -0.002663 8.816629 0.002838 0.999974 0.006681 0.004874 0.002644 -0.006688 0.999974 -0.221154 
1564718416700503295 1564718417300853980 0.999989 -0.004191 -0.002228 8.807863 0.004192 0.999991 0.000643 -0.022179 0.002225 -0.000653 0.999997 -0.228324 
1564718417400832951 1564718418003693589 0.999995 -0.000998 -0.002910 8.786135 0.001003 0.999998 0.001832 -0.029483 0.002909 -0.001835 0.999994 -0.230239 
1564718418103667076 1564718418703929500 0.999988 0.003421 -0.003390 8.705342 -0.003462 0.999921 -0.012109 -0.048953 0.003348 0.012120 0.999921 -0.197272 
1564718418805324605 1564718419405121010 0.999986 0.004549 -0.002571 8.638060 -0.004531 0.999965 0.006989 -0.022061 0.002603 -0.006977 0.999972 -0.208412 
1564718419506398767 1564718420200371849 0.999991 0.002342 -0.003409 10.028748 -0.002333 0.999994 0.002638 -0.028556 0.003415 -0.002630 0.999991 -0.239000 
1564718420300327957 1564718420900505109 0.999996 0.002930 -0.000057 8.626345 -0.002931 0.999990 -0.003446 -0.037863 0.000047 0.003446 0.999994 -0.226216 
1564718421000539808 1564718421700356026 0.999999 -0.000013 -0.001411 9.967824 0.000010 0.999998 -0.001910 -0.017329 0.001411 0.001910 0.999997 -0.235979 
1564718421801870658 1564718422403906497 0.999995 -0.000252 -0.003164 8.567848 0.000260 0.999997 0.002459 -0.012455 0.003163 -0.002460 0.999992 -0.179372 
1564718422505058402 1564718423200448285 0.999998 -0.001066 -0.001431 9.902809 0.001069 0.999997 0.002287 -0.020313 0.001429 -0.002288 0.999996 -0.263054 
1564718423300480851 1564718424000434068 1.000000 0.000719 0.000015 9.876641 -0.000719 0.999988 -0.004918 -0.036904 -0.000019 0.004918 0.999988 -0.258561 
1564718424100497546 1564718424803490085 0.999996 0.000597 -0.002908 9.848805 -0.000591 0.999997 0.002282 -0.027499 0.002910 -0.002280 0.999993 -0.224174 
1564718424903421594 1564718425605250014 0.999986 0.002320 0.004790 9.826264 -0.002305 0.999993 -0.003112 -0.035831 -0.004797 0.003101 0.999984 -0.301350 
1564718425705275345 1564718426408250504 0.999996 0.002694 -0.001293 9.789833 -0.002697 0.999994 -0.002113 -0.038430 0.001287 0.002117 0.999997 -0.254708 
1564718426509108150 1564718427200691496 0.999995 0.002935 0.000840 9.800279 -0.002935 0.999996 -0.000301 -0.039696 -0.000841 0.000299 1.000000 -0.260563 
1564718427302286499 1564718428006353641 0.999990 -0.000561 -0.004336 9.797112 0.000587 0.999981 0.006157 -0.014688 0.004332 -0.006159 0.999972 -0.237281 
1564718428106778563 1564718428808318157 0.999957 -0.007808 0.005098 9.798726 0.007780 0.999955 0.005496 0.014313 -0.005141 -0.005456 0.999972 -0.295637 
1564718428908345572 1564718429608301879 0.999962 -0.008106 -0.003092 9.752661 0.008120 0.999957 0.004478 0.017545 0.003056 -0.004502 0.999985 -0.282873 
1564718429700578480 1564718430400837267 0.999969 0.005323 -0.005788 9.780053 -0.005303 0.999980 0.003560 -0.035485 0.005807 -0.003530 0.999977 -0.250904 
1564718430500610423 1564718431205468109 0.999998 0.001938 0.000313 9.772116 -0.001939 0.999996 0.001936 -0.013426 -0.000309 -0.001937 0.999998 -0.257072 
1564718431305442555 1564718432006295679 0.999987 0.000594 -0.005054 9.683169 -0.000588 0.999999 0.001308 -0.013112 0.005055 -0.001305 0.999986 -0.226376 
1564718432106667553 1564718432806549097 0.999999 0.001240 0.000364 9.655222 -0.001239 0.999999 -0.000992 -0.019690 -0.000365 0.000992 0.999999 -0.235087 
1564718432906637941 1564718433607967509 0.999997 0.001992 -0.001113 9.673867 -0.001996 0.999992 -0.003535 -0.017011 0.001106 0.003537 0.999993 -0.258790 
1564718433708010386 1564718434400357207 0.999999 0.000524 -0.001357 9.729737 -0.000512 0.999961 0.008859 0.000895 0.001362 -0.008859 0.999960 -0.222573 
1564718434500017816 1564718435201861756 0.999999 0.000806 0.001335 9.821559 -0.000803 0.999996 -0.002637 -0.016106 -0.001337 0.002636 0.999996 -0.250554 
1564718435301835968 1564718436001174590 0.999990 0.000906 -0.004457 9.900728 -0.000900 0.999999 0.001292 -0.025235 0.004458 -0.001288 0.999989 -0.236662 
1564718436102014131 1564718436702331812 0.999984 0.004921 -0.002896 8.629817 -0.004917 0.999987 0.001305 -0.039262 0.002903 -0.001290 0.999995 -0.204755 
1564718436801979065 1564718437403471204 0.999987 0.002939 -0.004186 8.626150 -0.002954 0.999989 -0.003587 -0.050103 0.004175 0.003599 0.999985 -0.195697 
1564718437502807359 1564718438108143456 0.999997 0.002399 -0.000339 8.705524 -0.002400 0.999994 -0.002578 -0.035066 0.000333 0.002578 0.999997 -0.193946 
1564718438208229249 1564718438803488953 0.999999 -0.001512 -0.000577 8.718514 0.001515 0.999987 0.004873 -0.005883 0.000570 -0.004874 0.999988 -0.225579 
1564718438905028508 1564718439504535218 0.999998 -0.002076 0.000589 8.760424 0.002078 0.999994 -0.002918 -0.038614 -0.000583 0.002919 0.999996 -0.231329 
1564718439606865382 1564718440306687897 0.999998 -0.001294 0.001683 10.022360 0.001287 0.999992 0.003782 -0.014857 -0.001688 -0.003780 0.999991 -0.254722 
1564718440406794897 1564718441100158575 0.999988 0.002374 0.004363 9.818093 -0.002419 0.999945 0.010220 -0.015547 -0.004338 -0.010230 0.999938 -0.301806 
1564718441204623432 1564718441905158862 0.999980 0.006231 0.000636 9.675618 -0.006228 0.999970 -0.004565 -0.049153 -0.000664 0.004561 0.999989 -0.279233 
1564718442006351000 1564718442700467477 0.999996 -0.001379 -0.002293 9.586844 0.001395 0.999976 0.006850 0.010935 0.002283 -0.006853 0.999974 -0.267758 
1564718442800361377 1564718443500354778 0.999997 0.000604 -0.002189 9.603745 -0.000603 1.000000 0.000085 -0.024533 0.002189 -0.000084 0.999998 -0.235504 
1564718443601950378 1564718444308135129 0.999985 -0.005402 -0.000422 9.692723 0.005403 0.999984 0.001806 0.004596 0.000412 -0.001808 0.999998 -0.243733 
1564718444408058582 1564718445103721663 0.999982 -0.003625 -0.004719 9.718537 0.003618 0.999993 -0.001373 0.010327 0.004724 0.001356 0.999988 -0.198171 
1564718445203685263 1564718445907986534 0.999884 -0.014581 -0.004447 9.739375 0.014548 0.999866 -0.007555 0.040084 0.004557 0.007490 0.999962 -0.159740 
1564718446007837362 1564718446708522246 0.999807 -0.009867 0.016996 9.913926 0.009639 0.999863 0.013469 0.046518 -0.017126 -0.013303 0.999765 -0.336491 
1564718446802352461 1564718447502180449 0.999964 -0.005221 -0.006657 9.719188 0.005185 0.999972 -0.005449 -0.018926 0.006686 0.005414 0.999963 -0.230776 
1564718447602117690 1564718448303745510 0.999997 0.001923 -0.001191 9.698734 -0.001926 0.999995 -0.002529 -0.035539 0.001186 0.002532 0.999996 -0.248681 
1564718448403750638 1564718449105371747 0.999940 0.010588 -0.002857 9.523596 -0.010597 0.999938 -0.003412 -0.075310 0.002820 0.003442 0.999990 -0.242657 
1564718449204944649 1564718449905262259 0.999974 0.007033 -0.001262 9.343729 -0.007023 0.999945 0.007752 -0.037980 0.001317 -0.007742 0.999969 -0.239201 
1564718450004608100 1564718450706719753 0.999928 -0.009071 -0.007799 9.194477 0.009068 0.999959 -0.000417 0.024416 0.007802 0.000346 0.999970 -0.145155 
1564718450806512674 1564718451606519762 0.999929 -0.005519 0.010606 10.177953 0.005446 0.999961 0.006900 0.002591 -0.010643 -0.006842 0.999920 -0.344971 
1564718451707940477 1564718452500738161 0.999983 -0.004988 -0.002881 9.257067 0.004985 0.999987 -0.001219 -0.011158 0.002887 0.001205 0.999995 -0.276894 
1564718452600877088 1564718453603751629 0.998876 -0.047377 -0.001479 10.122621 0.047384 0.998862 0.005465 0.215745 0.001219 -0.005529 0.999984 -0.325960 
1564718453703611610 1564718454905553418 0.984553 -0.175055 -0.003367 9.829167 0.175019 0.984524 -0.008980 0.715653 0.004887 0.008252 0.999954 -0.308524 
1564718455005232303 1564718456600660163 0.921747 -0.387099 -0.023175 9.533847 0.387324 0.921924 0.006029 1.521130 0.019032 -0.014533 0.999713 -0.208770 
1564718456700617117 1564718458808047010 0.718161 -0.695876 -0.001213 9.560959 0.695852 0.718119 0.009701 2.728314 -0.005880 -0.007811 0.999952 -0.127449 
1564718458908017617 1564718460800412118 0.851247 -0.524758 0.002864 9.879636 0.524565 0.850759 -0.032263 1.221839 0.014494 0.028966 0.999475 -0.130315 
1564718460900305831 1564718462400638638 0.999170 -0.040711 0.001282 9.925204 0.040719 0.999146 -0.006976 -0.027836 -0.000997 0.007022 0.999975 -0.208004 
1564718462500483366 1564718463704624108 0.999999 0.000260 -0.001446 9.482334 -0.000260 1.000000 0.000128 -0.033936 0.001446 -0.000127 0.999999 -0.173842 
1564718463805098855 1564718464900461415 0.999983 0.005762 -0.000440 9.922059 -0.005762 0.999983 -0.000231 -0.071253 0.000439 0.000233 1.000000 -0.182730 
1564718465000387451 1564718465900634917 0.999990 0.001148 -0.004416 8.948625 -0.001127 0.999988 0.004825 -0.009038 0.004421 -0.004820 0.999979 -0.168928 
1564718466000071764 1564718466903702651 0.999969 -0.007326 -0.002806 9.654534 0.007319 0.999969 -0.002747 -0.018250 0.002826 0.002726 0.999992 -0.155416 
1564718467005213560 1564718467809683615 0.999976 0.001652 -0.006731 9.070026 -0.001671 0.999995 -0.002837 -0.045415 0.006726 0.002849 0.999973 -0.141060 
1564718467900201057 1564718468702011069 0.999991 0.004214 -0.000569 9.627237 -0.004214 0.999991 -0.000085 -0.047713 0.000569 0.000087 1.000000 -0.154875 
1564718468802388333 1564718469500782436 0.999999 0.001209 -0.000464 8.829867 -0.001209 0.999999 0.000546 -0.026103 0.000464 -0.000546 1.000000 -0.188527 
1564718469600404590 1564718470300332616 0.999977 0.000214 -0.006764 9.259471 -0.000233 0.999996 -0.002907 -0.034961 0.006764 0.002909 0.999973 -0.151975 
1564718470400332087 1564718471102209366 0.999979 -0.000468 -0.006457 9.521490 0.000428 0.999981 -0.006075 -0.046336 0.006459 0.006073 0.999961 -0.167742 
1564718471203591097 1564718471902077638 0.999978 0.001512 -0.006460 9.816779 -0.001507 0.999999 0.000765 -0.042969 0.006461 -0.000756 0.999979 -0.156499 
1564718472005039376 1564718472606884614 0.999995 0.003094 -0.000152 8.639238 -0.003095 0.999987 -0.003957 -0.056743 0.000139 0.003957 0.999992 -0.174847 
1564718472706349832 1564718473308068932 0.999978 0.001543 -0.006450 8.815189 -0.001532 0.999997 0.001665 -0.032804 0.006453 -0.001655 0.999978 -0.150358 
1564718473407861508 1564718474000293727 0.999991 0.000920 0.004177 8.935509 -0.000931 0.999996 0.002674 -0.032576 -0.004175 -0.002678 0.999988 -0.216864 
1564718474100436356 1564718474700316450 0.999965 0.000583 -0.008340 8.769973 -0.000552 0.999993 0.003633 -0.031943 0.008342 -0.003628 0.999959 -0.151874 
1564718474801841696 1564718475403474641 0.999999 0.001345 0.000783 8.788230 -0.001343 0.999997 -0.002167 -0.041782 -0.000786 0.002166 0.999997 -0.186914 
1564718475503526918 1564718476103499071 0.999985 0.000492 -0.005471 8.754251 -0.000503 0.999998 -0.001989 -0.036064 0.005470 0.001991 0.999983 -0.183689 
1564718476202725752 1564718476803406011 0.999987 -0.000918 -0.004974 8.685497 0.000909 0.999998 -0.001727 -0.020130 0.004976 0.001723 0.999986 -0.162688 
1564718476903479467 1564718477504888274 1.000000 0.000125 -0.000377 8.868505 -0.000125 1.000000 -0.000517 -0.033813 0.000377 0.000517 1.000000 -0.237948 
1564718477604877417 1564718478207323122 0.999990 -0.000808 -0.004411 8.723224 0.000818 0.999997 0.002113 -0.025399 0.004409 -0.002117 0.999988 -0.206895 
1564718478300052775 1564718479001791469 0.999953 -0.000265 -0.009711 9.996037 0.000295 0.999995 0.003078 -0.030577 0.009710 -0.003080 0.999948 -0.203967 
1564718479101741780 1564718479802026479 0.999987 -0.000492 0.005069 9.862221 0.000511 0.999993 -0.003626 -0.032942 -0.005067 0.003629 0.999981 -0.230764 
1564718479901986755 1564718480604732909 0.999991 0.000783 -0.004235 9.693467 -0.000796 0.999995 -0.003135 -0.034635 0.004233 0.003138 0.999986 -0.243018 
1564718480699973560 1564718481399895012 0.999983 0.000476 -0.005825 9.474096 -0.000480 1.000000 -0.000772 -0.032022 0.005824 0.000774 0.999983 -0.204499 
1564718481500029963 1564718482200800759 0.999960 0.008473 -0.002794 9.397675 -0.008475 0.999964 -0.000520 -0.062858 0.002789 0.000544 0.999996 -0.226837 
1564718482301830626 1564718483004995008 0.999998 -0.000640 -0.002067 9.185811 0.000643 0.999998 0.001842 -0.018503 0.002066 -0.001844 0.999996 -0.182615 
1564718483104903602 1564718483804979666 0.999995 -0.000699 0.003075 9.079288 0.000698 1.000000 0.000461 -0.026526 -0.003075 -0.000459 0.999995 -0.256053 
1564718483904898228 1564718484600007868 0.999928 -0.000327 -0.011989 8.856730 0.000297 0.999997 -0.002488 -0.030340 0.011990 0.002484 0.999925 -0.173705 
1564718484699401973 1564718485499851063 0.999999 0.001314 0.000118 9.939668 -0.001314 0.999995 0.002708 -0.032336 -0.000114 -0.002708 0.999996 -0.265445 
1564718485600003170 1564718486404494041 0.999990 0.004485 0.000237 9.514550 -0.004485 0.999990 -0.000239 -0.037579 -0.000238 0.000238 1.000000 -0.279371 
1564718486504477995 1564718487400396924 0.999986 0.002521 0.004573 9.420571 -0.002522 0.999997 0.000224 -0.049849 -0.004573 -0.000236 0.999990 -0.324782 
1564718487500535327 1564718488807756534 0.999867 0.009414 -0.013351 9.964955 -0.009328 0.999935 0.006505 -0.035021 0.013411 -0.006380 0.999890 -0.281420 
1564718488907484525 1564718490799632190 0.920221 -0.390815 0.021359 9.585086 0.391090 0.920292 -0.010555 1.961196 -0.015531 0.018067 0.999716 -0.386545 
1564718490899839450 1564718492901769957 0.650360 -0.759266 -0.023400 9.254217 0.758086 0.650693 -0.043632 2.725627 0.048354 0.010637 0.998774 -0.135975 
1564718493001207700 1564718494507890793 0.996140 -0.087783 0.000013 9.642472 0.087774 0.996029 -0.014929 0.061165 0.001297 0.014872 0.999889 -0.138630 
1564718494607679933 1564718495799169323 0.999221 0.036274 0.015544 9.691249 -0.036034 0.999231 -0.015465 -0.243980 -0.016093 0.014893 0.999760 -0.247850 
1564718495899248430 1564718496905638015 0.998334 0.057513 -0.004668 9.394762 -0.057481 0.998325 0.006636 -0.203550 0.005042 -0.006356 0.999967 -0.168413 
1564718497005854326 1564718497900041846 0.999168 0.040749 0.001367 9.542306 -0.040756 0.999155 0.005299 -0.150174 -0.001150 -0.005351 0.999985 -0.212217 
1564718497999447633 1564718498799772066 0.999665 0.022709 -0.012410 9.249813 -0.022663 0.999736 0.003843 -0.076626 0.012494 -0.003560 0.999916 -0.138400 
1564718498899652116 1564718499699078128 0.999976 0.003825 0.005714 9.937805 -0.003828 0.999993 0.000518 -0.034269 -0.005712 -0.000540 0.999984 -0.236574 
1564718499799532395 1564718500499676365 0.999964 0.003009 -0.007910 9.312258 -0.002972 0.999985 0.004680 -0.023631 0.007924 -0.004656 0.999958 -0.166554 
1564718500601021530 1564718501301216311 0.999971 0.006051 0.004721 9.559640 -0.006132 0.999831 0.017329 -0.027720 -0.004616 -0.017357 0.999839 -0.248556 
1564718501401172683 1564718502105892076 0.999976 0.000168 -0.006958 9.607600 -0.000228 0.999963 -0.008600 -0.020266 0.006956 0.008602 0.999939 -0.217703 
1564718502205792109 1564718502899320811 0.999991 -0.002117 0.003739 9.814869 0.002047 0.999829 0.018397 0.010655 -0.003777 -0.018389 0.999824 -0.263645 
1564718502999544017 1564718503599266954 0.999928 -0.000196 -0.011984 8.753411 0.000118 0.999979 -0.006536 -0.017066 0.011985 0.006534 0.999907 -0.146015 
1564718503698410465 1564718504302671522 0.999955 0.000990 -0.009406 9.085093 -0.001041 0.999985 -0.005382 -0.030162 0.009400 0.005392 0.999941 -0.130976 
1564718504403005451 1564718505004025908 0.999981 0.004461 0.004330 9.339411 -0.004369 0.999768 -0.021091 -0.077627 -0.004423 0.021072 0.999768 -0.247361 
1564718505104101748 1564718505703967195 0.999982 0.001182 -0.005916 9.475338 -0.001100 0.999902 0.013989 -0.008934 0.005932 -0.013983 0.999885 -0.196587 
1564718505804032802 1564718506407610662 0.999961 -0.000672 -0.008776 9.724177 0.000629 0.999988 -0.004862 -0.035709 0.008779 0.004856 0.999950 -0.189747 
1564718506507249744 1564718507106978476 0.999977 0.003270 -0.005952 9.735839 -0.003281 0.999993 -0.001860 -0.041389 0.005946 0.001879 0.999981 -0.211778 
1564718507198955769 1564718507799293442 0.999937 0.011147 0.000977 9.866619 -0.011156 0.999892 0.009565 -0.063097 -0.000871 -0.009576 0.999954 -0.218091 
1564718507899254095 1564718508499285740 0.999915 0.012483 0.003633 9.867747 -0.012466 0.999911 -0.004764 -0.083122 -0.003692 0.004719 0.999982 -0.278285 
1564718508599548031 1564718509198757917 0.999919 0.012127 -0.003749 9.794210 -0.012079 0.999848 0.012577 -0.053463 0.003901 -0.012531 0.999914 -0.265166 
1564718509300927437 1564718509904660042 0.999913 0.012487 -0.004236 9.752301 -0.012508 0.999910 -0.004952 -0.075348 0.004174 0.005005 0.999979 -0.236356 
1564718510007356481 1564718510599168022 0.999786 0.019883 -0.005703 9.903436 -0.019906 0.999794 -0.003950 -0.115564 0.005623 0.004062 0.999976 -0.188106 
1564718510698522867 1564718511299393877 0.999639 0.026793 -0.002057 10.152511 -0.026779 0.999619 0.006700 -0.137195 0.002235 -0.006642 0.999975 -0.216221 
1564718511399654887 1564718511899609506 0.999845 0.017537 0.001759 8.485018 -0.017527 0.999832 -0.005312 -0.096746 -0.001852 0.005281 0.999984 -0.185914 
1564718511999636074 1564718512502435097 0.999905 0.013655 0.001865 8.661106 -0.013665 0.999894 0.004952 -0.049474 -0.001797 -0.004977 0.999986 -0.190037 
1564718512601177116 1564718513104259940 0.999859 0.016687 0.001866 8.815523 -0.016675 0.999842 -0.006178 -0.107692 -0.001969 0.006146 0.999979 -0.214522 
1564718513204091974 1564718513705746130 0.999873 0.015615 0.003153 8.920695 -0.015634 0.999860 0.006002 -0.083024 -0.003059 -0.006050 0.999977 -0.252766 
1564718513805867966 1564718514307166811 0.999833 0.017010 -0.006638 8.835840 -0.017025 0.999853 -0.002248 -0.100051 0.006599 0.002361 0.999975 -0.236481 
1564718514407228528 1564718514901493812 0.999870 0.015999 -0.002238 8.739317 -0.016008 0.999864 -0.004040 -0.107200 0.002173 0.004075 0.999989 -0.228896 
1564718515001234363 1564718515504194015 0.999918 0.012633 0.002091 8.615125 -0.012634 0.999920 0.000497 -0.079829 -0.002085 -0.000523 0.999998 -0.249728 
1564718515604174652 1564718516105810568 0.999953 0.009313 -0.002867 8.515510 -0.009298 0.999943 0.005292 -0.063388 0.002916 -0.005265 0.999982 -0.204069 
1564718516207153727 1564718516698759609 0.999940 0.010454 0.003297 8.463623 -0.010487 0.999894 0.010079 -0.044344 -0.003192 -0.010113 0.999944 -0.259814 
1564718516799632702 1564718517399352849 0.999968 0.007762 -0.001725 10.115583 -0.007781 0.999908 -0.011113 -0.057003 0.001639 0.011126 0.999937 -0.253980 
1564718517499308892 1564718518004043802 0.999998 0.000929 0.001847 8.419699 -0.000927 0.999999 -0.001026 -0.022967 -0.001848 0.001025 0.999998 -0.230248 
1564718518104117778 1564718518607000314 0.999942 0.010748 0.000007 8.428737 -0.010748 0.999931 -0.004729 -0.080660 -0.000058 0.004729 0.999989 -0.226063 
1564718518707153413 1564718519308446209 0.999930 0.011123 0.003909 10.038708 -0.011114 0.999936 -0.002199 -0.072293 -0.003933 0.002156 0.999990 -0.293506 
1564718519399030833 1564718519899149405 0.999900 0.013038 -0.005408 8.368649 -0.012999 0.999890 0.007207 -0.056069 0.005501 -0.007136 0.999959 -0.194096 
1564718519999456256 1564718520499401778 0.999996 0.002841 -0.000551 8.332617 -0.002847 0.999941 -0.010526 -0.038006 0.000521 0.010527 0.999944 -0.229729 
1564718520599466890 1564718521102563410 0.999993 0.001506 0.003369 8.355871 -0.001507 0.999999 0.000177 -0.030597 -0.003369 -0.000182 0.999994 -0.226249 
1564718521202857556 1564718521804332463 0.999950 0.006269 -0.007798 9.933740 -0.006192 0.999932 0.009860 -0.050310 0.007860 -0.009811 0.999921 -0.269498 
1564718521905406760 1564718522506943182 0.999967 0.004885 -0.006554 9.927491 -0.004792 0.999889 0.014136 -0.021880 0.006622 -0.014104 0.999879 -0.212298 
1564718522606693956 1564718523207160601 0.999992 0.002283 -0.003306 9.750700 -0.002280 0.999997 0.000899 -0.050437 0.003308 -0.000891 0.999994 -0.238369 
1564718523307161653 1564718523906640418 0.999949 0.009945 -0.001933 9.680015 -0.009923 0.999887 0.011317 -0.024455 0.002046 -0.011297 0.999934 -0.239282 
1564718524006905881 1564718524599791620 0.999935 0.010238 -0.005108 9.765690 -0.010301 0.999870 -0.012437 -0.085788 0.004980 0.012489 0.999910 -0.205062 
1564718524699656667 1564718525302388677 0.999855 0.017025 0.001052 9.823605 -0.017018 0.999838 -0.005870 -0.099095 -0.001151 0.005852 0.999982 -0.239773 
1564718525402490652 1564718525999387275 0.999845 0.017619 -0.000207 9.814137 -0.017620 0.999819 -0.007177 -0.104657 0.000081 0.007180 0.999974 -0.262879 
1564718526099344370 1564718526699296107 0.999645 0.026633 -0.001192 9.760575 -0.026646 0.999574 -0.011895 -0.169122 0.000874 0.011922 0.999929 -0.286700 
1564718526799600522 1564718527399990635 0.999813 0.019277 0.001356 9.569703 -0.019294 0.999716 0.013975 -0.085576 -0.001086 -0.013998 0.999901 -0.271218 
1564718527500180201 1564718528102285316 0.999881 0.015140 0.003066 9.443221 -0.015152 0.999879 0.003633 -0.072563 -0.003011 -0.003679 0.999989 -0.280538 
1564718528203747932 1564718528806907989 0.999905 0.013519 -0.002838 9.369286 -0.013520 0.999909 -0.000378 -0.076213 0.002833 0.000416 0.999996 -0.238735 
1564718528906790930 1564718529499506908 0.999829 0.018266 -0.002797 9.378855 -0.018255 0.999826 0.003730 -0.083137 0.002865 -0.003678 0.999989 -0.188150 
1564718529599187832 1564718530199220896 0.999846 0.017529 -0.000569 9.483151 -0.017535 0.999774 -0.011989 -0.106395 0.000359 0.011997 0.999928 -0.226146 
1564718530299235051 1564718530899605515 0.999878 0.015602 0.000533 9.569885 -0.015605 0.999863 0.005437 -0.069402 -0.000448 -0.005444 0.999985 -0.228923 
1564718531000956967 1564718531601043241 0.999902 0.013942 -0.001031 9.660121 -0.013934 0.999877 0.007233 -0.054453 0.001132 -0.007218 0.999973 -0.220500 
1564718531702622668 1564718532303800560 0.999827 0.017932 -0.004975 9.762973 -0.017938 0.999838 -0.001283 -0.086148 0.004952 0.001372 0.999987 -0.209322 
1564718532403190740 1564718533005742775 0.999928 0.011875 0.001542 9.794628 -0.011875 0.999929 0.000012 -0.051480 -0.001542 -0.000030 0.999999 -0.232196 
1564718533105801038 1564718533706901087 0.999997 0.001987 0.001541 9.766456 -0.001988 0.999998 0.000730 -0.020505 -0.001540 -0.000733 0.999999 -0.272956 
1564718533807036579 1564718534406202369 0.999983 0.005338 0.002419 9.657597 -0.005322 0.999965 -0.006429 -0.041798 -0.002454 0.006416 0.999976 -0.286236 
1564718534507001991 1564718535106952405 0.999998 -0.002006 0.000332 9.511155 0.002004 0.999983 0.005430 0.014794 -0.000343 -0.005429 0.999985 -0.267416 
1564718535206812370 1564718535799183121 0.999953 0.001390 -0.009567 9.382295 -0.001379 0.999998 0.001227 -0.000978 0.009569 -0.001214 0.999953 -0.231033 
1564718535899368278 1564718536503648130 0.999987 0.000263 -0.005063 9.250750 -0.000295 0.999980 -0.006336 -0.015561 0.005061 0.006338 0.999967 -0.195321 
1564718536603679522 1564718537199031543 0.999972 0.001487 0.007334 9.245590 -0.001411 0.999946 -0.010339 -0.066950 -0.007349 0.010328 0.999920 -0.244734 
1564718537298992415 1564718537900634599 0.999970 0.006630 -0.004089 9.304457 -0.006641 0.999975 -0.002544 -0.061296 0.004073 0.002571 0.999988 -0.204612 
1564718538000694634 1564718538602554950 0.999975 0.006057 -0.003743 9.420351 -0.006077 0.999968 -0.005210 -0.069127 0.003712 0.005233 0.999979 -0.208439 
1564718538703683932 1564718539305463612 0.999999 0.000822 0.000583 9.449792 -0.000824 0.999996 0.002553 -0.037676 -0.000581 -0.002553 0.999997 -0.185449 
1564718539406654674 1564718539999053431 0.999990 -0.004337 -0.000852 9.522738 0.004334 0.999985 -0.003474 -0.022885 0.000867 0.003470 0.999994 -0.206877 
1564718540099053080 1564718540699094907 0.999990 0.001423 0.004148 9.589207 -0.001443 0.999988 0.004642 -0.029795 -0.004141 -0.004648 0.999981 -0.269578 
1564718540799039817 1564718541398681337 0.999991 -0.001938 -0.003759 9.645927 0.001910 0.999970 -0.007485 -0.024302 0.003773 0.007478 0.999965 -0.230164 
1564718541498772580 1564718542099124727 0.999999 -0.000122 -0.001137 9.708293 0.000128 0.999987 0.005063 -0.007251 0.001136 -0.005063 0.999987 -0.228869 
1564718542200669376 1564718542799139910 0.999996 0.001864 -0.002263 9.696047 -0.001829 0.999884 0.015089 0.007550 0.002291 -0.015085 0.999884 -0.213868 
1564718542898670601 1564718543498898050 0.999995 0.002977 -0.000652 9.588927 -0.002979 0.999991 -0.002990 -0.025060 0.000643 0.002992 0.999995 -0.257092 
1564718543598932086 1564718544198262549 0.999992 0.002268 -0.003195 9.443116 -0.002275 0.999995 -0.002289 -0.028205 0.003189 0.002296 0.999992 -0.222185 
1564718544298883670 1564718544900170158 0.999990 0.000144 -0.004523 9.421844 -0.000165 0.999989 -0.004761 -0.014318 0.004522 0.004762 0.999978 -0.214114 
1564718545000564991 1564718545598868205 0.999995 -0.001474 0.002768 9.398457 0.001491 0.999979 -0.006266 -0.031570 -0.002758 0.006270 0.999977 -0.232772 
1564718545698917313 1564718546299161965 0.999993 0.003068 0.001973 9.393981 -0.003076 0.999988 0.003784 -0.024550 -0.001961 -0.003790 0.999991 -0.218143 
1564718546398806893 1564718546998860172 0.999996 0.002239 -0.001927 9.361928 -0.002227 0.999981 0.005820 -0.016858 0.001940 -0.005816 0.999981 -0.217321 
1564718547098938685 1564718547699084043 0.999989 0.001685 -0.004327 9.274859 -0.001694 0.999996 -0.002053 -0.029262 0.004323 0.002060 0.999989 -0.221488 
1564718547799024156 1564718548401469708 1.000000 -0.000253 -0.000460 9.138979 0.000252 0.999996 -0.002970 -0.023418 0.000461 0.002970 0.999995 -0.246782 
1564718548502234090 1564718549102253066 0.999977 -0.003959 -0.005474 9.034124 0.003958 0.999992 -0.000218 0.008452 0.005475 0.000196 0.999985 -0.177646 
1564718549202350431 1564718549802309522 0.999999 -0.001468 -0.000287 8.955706 0.001467 0.999996 -0.002414 -0.011656 0.000291 0.002413 0.999997 -0.227365 
1564718549901660942 1564718550506800253 0.999992 -0.001465 -0.003603 8.888764 0.001468 0.999998 0.000922 -0.003848 0.003601 -0.000927 0.999993 -0.209712 
1564718550606925499 1564718551206786941 0.999999 0.001000 -0.000633 8.824069 -0.001002 0.999996 -0.002501 -0.023138 0.000631 0.002502 0.999997 -0.200738 
1564718551306619483 1564718551906621243 0.999992 0.000606 -0.004038 8.752152 -0.000589 0.999991 0.004113 -0.000900 0.004041 -0.004111 0.999983 -0.196078 
1564718552006863337 1564718552606723729 0.999997 -0.001955 -0.001180 8.755798 0.001958 0.999995 0.002658 -0.003059 0.001175 -0.002660 0.999996 -0.206787 
1564718552706582009 1564718553306493937 0.999981 -0.003647 -0.004996 8.726253 0.003624 0.999982 -0.004681 -0.003965 0.005013 0.004663 0.999977 -0.172664 
1564718553406438035 1564718553998855898 0.999989 -0.004625 -0.000970 8.803080 0.004622 0.999983 -0.003674 -0.008624 0.000987 0.003670 0.999993 -0.216661 
1564718554098852771 1564718554700590769 0.999974 -0.007128 -0.000439 8.866430 0.007130 0.999963 0.004807 0.016501 0.000405 -0.004810 0.999988 -0.226059 
1564718554800677547 1564718555400209251 0.999978 -0.006573 -0.000404 8.940987 0.006575 0.999964 0.005284 0.010135 0.000369 -0.005286 0.999986 -0.246426 
1564718555500527142 1564718556103656562 0.999873 -0.015889 -0.001392 8.965073 0.015896 0.999860 0.005297 0.055856 0.001308 -0.005318 0.999985 -0.254302 
1564718556205192880 1564718556798491076 0.999878 -0.015384 -0.002752 9.023118 0.015369 0.999868 -0.005296 0.038429 0.002833 0.005253 0.999982 -0.233899 
1564718556898672168 1564718557498798931 0.999998 0.001978 0.000391 9.061736 -0.001980 0.999979 0.006153 -0.036146 -0.000379 -0.006154 0.999981 -0.247939 
1564718557598681358 1564718558205175740 0.999889 0.012638 -0.007842 8.971330 -0.012692 0.999896 -0.006903 -0.067526 0.007754 0.007001 0.999945 -0.184110 
1564718558305171614 1564718558898125924 0.999929 0.011551 0.002930 8.891387 -0.011554 0.999933 0.001141 -0.054185 -0.002917 -0.001175 0.999995 -0.249946 
1564718558998569521 1564718559700547980 0.999948 0.010158 0.000377 10.185754 -0.010157 0.999948 -0.000931 -0.065484 -0.000386 0.000927 0.999999 -0.311644 
1564718559800524477 1564718560505134806 0.999969 0.004877 -0.006226 9.938670 -0.004876 0.999988 0.000133 -0.032366 0.006226 -0.000103 0.999981 -0.237930 
1564718560606290254 1564718561298976221 0.999998 0.000312 -0.001841 9.713893 -0.000306 0.999995 0.003035 -0.005761 0.001842 -0.003035 0.999994 -0.257222 
1564718561398418561 1564718562104308411 0.999954 -0.002031 -0.009400 8.961075 0.002011 0.999996 -0.002172 -0.020039 0.009404 0.002153 0.999953 -0.250383 
1564718562205113073 1564718562998879833 0.999973 0.004852 -0.005607 9.333043 -0.004815 0.999967 0.006560 -0.028899 0.005639 -0.006533 0.999963 -0.258817 
1564718563098938063 1564718564000628528 0.999762 -0.021828 -0.000123 9.330360 0.021827 0.999631 0.016180 0.123230 -0.000231 -0.016178 0.999869 -0.274972 
1564718564100932909 1564718565206386071 0.991901 -0.126862 -0.006133 9.848408 0.126980 0.991558 0.026250 0.580803 0.002751 -0.026816 0.999637 -0.313720 
1564718565306207387 1564718566598917254 0.962270 -0.271995 0.007422 9.796476 0.271998 0.962298 0.000662 1.134673 -0.007322 0.001382 0.999972 -0.330572 
1564718566703376642 1564718568104828752 0.943743 -0.330423 0.013046 9.760258 0.330568 0.943715 -0.011227 1.191561 -0.008602 0.014908 0.999852 -0.240812 
1564718568204957402 1564718569506340363 0.939746 -0.341782 0.007852 9.356457 0.341805 0.939769 -0.001829 1.103216 -0.006754 0.004403 0.999967 -0.285843 
1564718569606281466 1564718570798454338 0.974945 -0.222397 0.004603 9.543268 0.222436 0.974880 -0.011433 0.682722 -0.001945 0.012170 0.999924 -0.227166 
1564718570899654579 1564718571998970453 0.993867 -0.110528 -0.003555 9.854478 0.110461 0.993760 -0.015467 0.273159 0.005242 0.014980 0.999874 -0.172748 
1564718572099663662 1564718573103273198 0.998677 -0.051412 0.000531 9.838151 0.051414 0.998647 -0.007856 0.094719 -0.000126 0.007873 0.999969 -0.205466 
1564718573203386350 1564718574098649149 0.999996 0.002918 0.000253 9.616711 -0.002917 0.999994 -0.001904 -0.041511 -0.000259 0.001903 0.999998 -0.173693 
1564718574198707428 1564718575003516965 0.999960 -0.008541 -0.002833 9.144751 0.008538 0.999963 -0.001135 0.008375 0.002843 0.001111 0.999995 -0.145514 
1564718575103596972 1564718575904855441 0.999993 -0.003630 -0.000604 9.661838 0.003629 0.999992 -0.001630 -0.031934 0.000610 0.001627 0.999998 -0.175142 
1564718576005178432 1564718576698438254 0.999997 -0.001175 0.002126 8.865371 0.001176 0.999999 -0.000577 -0.025825 -0.002125 0.000580 0.999998 -0.182854 
1564718576798307937 1564718577498433991 0.999985 0.005478 -0.000651 9.313422 -0.005478 0.999985 -0.000630 -0.058495 0.000648 0.000634 1.000000 -0.202821 
1564718577598376339 1564718578298843343 0.999989 0.004735 0.000405 9.749517 -0.004735 0.999989 0.000440 -0.033205 -0.000403 -0.000441 1.000000 -0.214525 
1564718578398418041 1564718579100724382 0.999998 -0.001897 0.000540 9.842099 0.001897 0.999998 -0.000046 -0.020433 -0.000540 0.000047 1.000000 -0.267547 
1564718579201948747 1564718579902520690 0.999995 -0.000982 -0.003095 9.817954 0.000981 0.999999 -0.000375 -0.027934 0.003095 0.000372 0.999995 -0.244815 
1564718580003252968 1564718580704936285 0.999978 0.006381 0.001866 10.012868 -0.006380 0.999979 -0.000922 -0.066537 -0.001872 0.000910 0.999998 -0.275260 
1564718580804896409 1564718581498621363 0.999996 0.002035 0.001891 9.964168 -0.002036 0.999998 0.000196 -0.036559 -0.001891 -0.000200 0.999998 -0.249992 
1564718581598252313 1564718582298756832 0.999994 0.003361 0.000814 9.986524 -0.003361 0.999994 0.001026 -0.041324 -0.000810 -0.001029 0.999999 -0.246444 
1564718582399015939 1564718583103425396 0.999994 -0.002680 -0.002373 9.751872 0.002681 0.999996 0.000328 -0.010646 0.002372 -0.000334 0.999997 -0.227118 
1564718583203351314 1564718583906177645 0.999977 -0.006800 -0.000440 9.693072 0.006801 0.999975 0.001698 0.010546 0.000429 -0.001701 0.999998 -0.240640 
1564718584006230997 1564718584701684789 0.999996 0.001893 0.002280 9.563922 -0.001890 0.999998 -0.000954 -0.042319 -0.002281 0.000950 0.999997 -0.290121 
1564718584801749482 1564718585504986424 0.999999 0.000217 -0.001567 9.124719 -0.000217 1.000000 0.000044 -0.027443 0.001567 -0.000044 0.999999 -0.271240 
1564718585604980873 1564718586404364440 0.999969 -0.000489 -0.007879 9.773014 0.000490 1.000000 0.000088 -0.025567 0.007879 -0.000092 0.999969 -0.263918 
1564718586504924181 1564718587306445265 0.999999 0.000969 0.000512 9.538008 -0.000969 0.999999 0.000695 -0.027685 -0.000512 -0.000695 1.000000 -0.269849 
1564718587398413443 1564718588298895967 0.999985 -0.004173 0.003558 9.993648 0.004163 0.999987 0.002999 0.001350 -0.003571 -0.002984 0.999989 -0.343507 
1564718588398115997 1564718589403613175 0.998475 -0.055008 -0.004648 9.504317 0.055033 0.998470 0.005409 0.246110 0.004343 -0.005656 0.999975 -0.313679 
1564718589503704973 1564718590804631411 0.974276 -0.225293 -0.005308 9.686700 0.225292 0.974291 -0.000915 0.970838 0.005378 -0.000304 0.999985 -0.282132 
1564718590904626994 1564718592399631930 0.905804 -0.423655 0.005972 9.472879 0.423697 0.905690 -0.014351 1.522289 0.000671 0.015530 0.999879 -0.248731 
1564718592498113510 1564718593906164667 0.925678 -0.378292 -0.003927 9.329077 0.378041 0.925357 -0.028265 1.069336 0.014327 0.024680 0.999593 -0.198970 
1564718594006196842 1564718595301356761 0.969425 -0.245385 0.001261 9.721033 0.245382 0.969349 -0.012238 0.783611 0.001780 0.012173 0.999924 -0.148323 
1564718595401431533 1564718596598168207 0.994487 -0.104480 0.008879 9.802396 0.104628 0.994343 -0.018293 0.238454 -0.006918 0.019121 0.999793 -0.268532 
1564718596698286318 1564718597900338415 0.999953 0.009281 -0.002757 9.718775 -0.009291 0.999949 -0.003915 -0.061641 0.002720 0.003940 0.999989 -0.292869 
1564718598000217159 1564718599203501735 0.999974 0.006389 -0.003310 9.366657 -0.006393 0.999979 -0.001208 -0.039204 0.003302 0.001229 0.999994 -0.232727 
1564718599306639942 1564718600598675750 0.999979 -0.006173 -0.001990 9.668074 0.006174 0.999981 0.000657 0.002175 0.001986 -0.000669 0.999998 -0.255220 
1564718600698572770 1564718602198818401 0.999984 0.001392 0.005569 9.726096 -0.001380 0.999997 -0.002243 -0.038742 -0.005572 0.002235 0.999982 -0.342801 
