19 1577 0.999625 -0.025383 -0.010213 7.585311 0.025416 0.999671 0.003242 1.078483 0.010128 -0.003500 0.999942 0.073755 
33 1590 0.998697 0.003515 -0.050892 6.489121 -0.002649 0.999850 0.017076 0.284845 0.050945 -0.016919 0.998559 0.125862 
25 1578 0.997250 -0.067437 -0.030747 10.039502 0.067578 0.997708 0.003547 1.193053 0.030437 -0.005615 0.999521 0.178701 
13 1585 0.992265 0.124090 -0.003536 -0.770168 -0.124041 0.992206 0.011921 0.789854 0.004988 -0.011390 0.999923 -0.031755 
26 1584 0.999476 -0.021700 -0.023993 6.428384 0.021859 0.999741 0.006343 0.702918 0.023849 -0.006864 0.999691 0.069159 
16 1579 0.999810 0.015514 -0.011764 4.758443 -0.015425 0.999852 0.007575 0.927352 0.011880 -0.007392 0.999902 0.068447 
7 1565 0.991448 0.130189 0.008982 11.706277 -0.130299 0.991389 0.013041 1.366948 -0.007207 -0.014100 0.999874 0.080888 
9 1583 0.983927 0.178569 0.000983 -0.856298 -0.178568 0.983861 0.011505 0.960204 0.001088 -0.011496 0.999934 -0.027685 
19 1570 0.998839 -0.047279 0.009316 12.744336 0.047168 0.998817 0.011859 1.349656 -0.009865 -0.011406 0.999885 -0.065271 
14 1578 0.999361 0.034661 -0.008704 4.578637 -0.034592 0.999370 0.008003 0.979353 0.008976 -0.007696 0.999930 0.059412 
20 1569 0.998558 -0.053360 0.005877 13.990768 0.053258 0.998449 0.016212 1.380568 -0.006733 -0.015875 0.999851 -0.050388 
12 1589 0.983015 0.183417 0.006222 -3.992231 -0.183473 0.982973 0.010174 0.882054 -0.004250 -0.011143 0.999929 -0.038292 
15 1585 0.995619 0.093466 -0.002575 0.101894 -0.093423 0.995533 0.013580 0.734700 0.003833 -0.013280 0.999905 -0.021601 
6 1575 0.985575 0.169240 0.000618 3.783757 -0.169240 0.985574 -0.000400 1.208110 -0.000676 0.000290 1.000000 -0.004996 
21 1580 0.999699 -0.016951 -0.017734 6.473150 0.016987 0.999854 0.001901 0.904764 0.017700 -0.002202 0.999841 0.082521 
33 1580 0.992013 -0.106165 -0.068103 13.605527 0.106760 0.994271 0.005144 1.504220 0.067167 -0.012373 0.997665 0.360077 
33 1583 0.995832 -0.069744 -0.058759 11.525953 0.070448 0.997465 0.009988 1.005170 0.057913 -0.014086 0.998223 0.222670 
12 1570 0.999184 0.037359 0.015337 9.641049 -0.037560 0.999210 0.013033 1.215595 -0.014838 -0.013598 0.999797 -0.038371 
19 1586 0.997809 0.065265 -0.010805 1.220448 -0.065138 0.997807 0.011788 0.604518 0.011551 -0.011058 0.999872 -0.012922 
7 1574 0.988932 0.148365 -0.001478 4.834314 -0.148355 0.988918 0.005720 1.212269 0.002310 -0.005437 0.999982 0.021371 
5 1579 0.979812 0.199621 -0.010870 0.584587 -0.199614 0.979873 0.001771 1.186431 0.011004 0.000434 0.999940 -0.023400 
34 1585 0.995767 -0.055359 -0.073382 10.765408 0.056747 0.998244 0.016973 0.840786 0.072314 -0.021066 0.997160 0.306914 
16 1578 0.999924 0.007542 -0.009772 5.454059 -0.007470 0.999945 0.007227 0.970509 0.009826 -0.007153 0.999925 0.072990 
19 1580 0.999908 -0.000100 -0.013573 5.482221 0.000176 0.999984 0.005582 0.898690 0.013572 -0.005584 0.999892 0.063493 
3 1561 0.985357 0.168441 0.026415 13.767112 -0.168667 0.985651 0.006543 1.472647 -0.024934 -0.010903 0.999629 0.007913 
22 1581 0.999858 -0.011692 -0.012119 6.325249 0.011638 0.999923 -0.004443 0.809189 0.012170 0.004301 0.999917 0.053359 
23 1584 0.999887 0.004798 -0.014241 4.722484 -0.004791 0.999988 0.000455 0.654358 0.014243 -0.000386 0.999898 0.040190 
13 1578 0.998644 0.051159 -0.009697 4.141167 -0.051092 0.998669 0.007025 0.971457 0.010043 -0.006520 0.999928 0.051353 
2 1571 0.984927 0.172036 0.017933 5.483883 -0.172256 0.984985 0.011538 1.503344 -0.015678 -0.014453 0.999773 -0.011782 
0 1585 0.968097 0.250575 0.001130 -5.048234 -0.250559 0.967963 0.016329 1.630246 0.002998 -0.016092 0.999867 -0.118879 
27 1580 0.997090 -0.069232 -0.031908 9.817692 0.069257 0.997598 -0.000319 1.111824 0.031854 -0.001891 0.999490 0.182351 
22 1588 0.997827 0.065061 -0.010357 1.314826 -0.065061 0.997882 0.000352 0.444759 0.010358 0.000323 0.999947 -0.008856 
16 1585 0.996734 0.080681 -0.003596 0.539233 -0.080631 0.996670 0.012128 0.692860 0.004563 -0.011799 0.999920 -0.017069 
14 1567 0.999946 0.002267 0.010098 12.769261 -0.002482 0.999770 0.021297 1.300410 -0.010047 -0.021321 0.999723 0.059804 
14 1565 0.999943 -0.000856 0.010628 14.357957 0.000647 0.999806 0.019680 1.334013 -0.010643 -0.019672 0.999750 0.081213 
3 1588 0.952594 0.304194 0.005530 -6.339917 -0.304229 0.952574 0.006937 1.516328 -0.003158 -0.008291 0.999961 -0.084409 
20 1588 0.996568 0.082488 -0.006973 0.271353 -0.082420 0.996551 0.009625 0.516992 0.007743 -0.009018 0.999930 -0.027599 
5 1577 0.982945 0.183868 -0.003159 1.994240 -0.183873 0.982949 -0.000984 1.213580 0.002924 0.001548 0.999995 -0.001384 
2 1580 0.976415 0.215893 -0.001746 -0.996941 -0.215877 0.976398 0.006686 1.372601 0.003148 -0.006151 0.999976 -0.043985 
10 1589 0.975378 0.220483 0.004992 -4.768338 -0.220531 0.975289 0.013349 1.029814 -0.001925 -0.014121 0.999898 -0.042118 
36 1588 0.996175 -0.030717 -0.081809 10.011715 0.032722 0.999193 0.023276 0.527956 0.081028 -0.025864 0.996376 0.335791 
13 1576 0.999040 0.043811 0.001078 5.586761 -0.043814 0.999035 0.003174 1.016893 -0.000938 -0.003218 0.999995 0.029176 
1 1573 0.985925 0.167106 0.005141 3.697927 -0.167166 0.985814 0.015059 1.542978 -0.002552 -0.015707 0.999874 0.007444 
7 1579 0.984834 0.173035 -0.012622 1.236005 -0.173026 0.984916 0.001779 1.090896 0.012740 0.000432 0.999919 -0.004324 
37 1585 0.993220 -0.068944 -0.093600 12.864857 0.071618 0.997105 0.025526 1.013776 0.091569 -0.032057 0.995283 0.480120 
7 1562 0.991169 0.131094 0.019939 14.186156 -0.131239 0.991332 0.006150 1.344907 -0.018960 -0.008713 0.999783 -0.003031 
33 1590 0.998697 0.003515 -0.050892 6.489121 -0.002649 0.999850 0.017076 0.284845 0.050945 -0.016919 0.998559 0.125862 
3 1578 0.979607 0.200854 -0.005471 0.664245 -0.200831 0.979616 0.004405 1.314520 0.006244 -0.003217 0.999975 -0.018174 
15 1587 0.993810 0.111077 -0.001812 -1.357053 -0.111045 0.993734 0.012656 0.723698 0.003206 -0.012376 0.999919 -0.040266 
6 1570 0.988366 0.151356 0.015048 7.477035 -0.151473 0.988437 0.006951 1.328595 -0.013822 -0.009149 0.999862 -0.029268 
27 1589 0.999355 0.030644 -0.018744 3.433619 -0.030539 0.999516 0.005852 0.339813 0.018914 -0.005276 0.999807 0.031182 
37 1589 0.996221 -0.025406 -0.083062 10.020109 0.027819 0.999220 0.028030 0.458930 0.082285 -0.030234 0.996150 0.346622 
33 1581 0.993720 -0.093364 -0.061665 12.935275 0.093862 0.995571 0.005232 1.305762 0.060903 -0.010987 0.998084 0.272848 
12 1587 0.987481 0.157710 -0.002929 -2.605536 -0.157670 0.987434 0.010707 0.832107 0.004581 -0.010111 0.999938 -0.054617 
9 1587 0.976604 0.215011 -0.003725 -3.735733 -0.214945 0.976538 0.013146 1.011157 0.006464 -0.012038 0.999907 -0.071736 
7 1576 0.987439 0.157999 0.000232 3.374614 -0.157998 0.987437 -0.002433 1.135438 -0.000613 0.002366 0.999997 0.009704 
11 1572 0.998027 0.062590 0.005070 7.749022 -0.062651 0.997951 0.012949 1.171740 -0.004249 -0.013241 0.999904 0.023757 
8 1584 0.979851 0.199726 -0.000804 -1.918525 -0.199710 0.979812 0.009210 0.997487 0.002628 -0.008864 0.999957 -0.043258 
9 1570 0.995327 0.095506 0.014254 8.497396 -0.095723 0.995290 0.015359 1.257153 -0.012719 -0.016651 0.999780 -0.033261 
24 1579 0.998253 -0.051166 -0.029526 8.783556 0.051200 0.998688 0.000432 1.071497 0.029465 -0.001943 0.999564 0.165766 
16 1588 0.993465 0.114125 0.001554 -1.613471 -0.114134 0.993413 0.010202 0.663227 -0.000380 -0.010313 0.999947 -0.041185 
10 1585 0.984091 0.177596 -0.005026 -1.930079 -0.177506 0.984009 0.014729 0.934511 0.007562 -0.013603 0.999879 -0.048039 
18 1581 0.999774 0.020611 -0.005026 4.305749 -0.020588 0.999778 0.004599 0.806995 0.005120 -0.004494 0.999977 0.027452 
2 1569 0.985168 0.170425 0.019977 7.020140 -0.170784 0.985146 0.017896 1.531624 -0.016631 -0.021042 0.999640 -0.014035 
6 1573 0.987516 0.157520 -0.000405 5.217330 -0.157514 0.987494 0.006641 1.285390 0.001446 -0.006494 0.999978 0.028168 
2 1585 0.962781 0.270273 0.002101 -4.490522 -0.270279 0.962713 0.011503 1.471083 0.001086 -0.011643 0.999933 -0.089838 
6 1589 0.955622 0.294553 0.005045 -6.116342 -0.294574 0.955619 0.004200 1.310738 -0.003584 -0.005500 0.999979 -0.052054 
24 1576 0.997654 -0.066397 -0.016653 10.923155 0.066339 0.997789 -0.004036 1.230759 0.016884 0.002922 0.999854 0.082958 
17 1587 0.996084 0.088272 -0.004870 -0.468454 -0.088228 0.996062 0.008649 0.640513 0.005615 -0.008185 0.999951 -0.026836 
36 1583 0.993111 -0.083687 -0.082023 13.585970 0.085453 0.996175 0.018251 1.208991 0.080181 -0.025134 0.996463 0.359747 
18 1581 0.999774 0.020611 -0.005026 4.305749 -0.020588 0.999778 0.004599 0.806995 0.005120 -0.004494 0.999977 0.027452 
23 1590 0.997039 0.076753 -0.004612 0.390244 -0.076741 0.997047 0.002516 0.395917 0.004791 -0.002155 0.999986 -0.018040 
16 1572 0.999877 -0.014607 0.005684 9.831297 0.014539 0.999822 0.011992 1.194401 -0.005858 -0.011908 0.999912 0.027977 
13 1586 0.991058 0.133351 -0.004564 -1.500335 -0.133285 0.990999 0.012587 0.784663 0.006202 -0.011866 0.999910 -0.047136 
24 1582 0.999733 -0.016675 -0.015964 6.692597 0.016711 0.999858 0.002163 0.768433 0.015926 -0.002429 0.999871 0.037812 
16 1572 0.999877 -0.014607 0.005684 9.831297 0.014539 0.999822 0.011992 1.194401 -0.005858 -0.011908 0.999912 0.027977 
16 1576 1.000000 0.000181 0.001002 6.899782 -0.000184 0.999994 0.003375 1.025479 -0.001001 -0.003376 0.999994 0.036631 
9 1584 0.983669 0.179977 -0.001694 -1.569675 -0.179939 0.983591 0.013085 0.954205 0.004022 -0.012567 0.999913 -0.041387 
7 1580 0.983243 0.182104 -0.008381 0.547224 -0.182101 0.983279 0.001203 1.073287 0.008459 0.000343 0.999963 -0.015207 
1 1578 0.981678 0.190494 -0.004523 0.089958 -0.190448 0.981656 0.008922 1.446011 0.006140 -0.007897 0.999950 -0.034675 
18 1590 0.993067 0.117420 0.005435 -2.150121 -0.117473 0.993015 0.010962 0.624360 -0.004109 -0.011524 0.999925 -0.035232 
17 1579 0.999893 0.005404 -0.013556 5.211653 -0.005340 0.999974 0.004844 0.931324 0.013582 -0.004771 0.999897 0.081256 
21 1568 0.997759 -0.066897 0.001688 15.264267 0.066863 0.997649 0.014957 1.465677 -0.002685 -0.014811 0.999887 -0.004541 
22 1585 0.999391 0.031444 -0.015169 3.473034 -0.031419 0.999504 0.001883 0.573141 0.015221 -0.001405 0.999884 0.029587 
14 1585 0.994182 0.107681 -0.002474 -0.333256 -0.107642 0.994107 0.012823 0.765728 0.003840 -0.012482 0.999916 -0.026049 
6 1566 0.989201 0.146342 0.008217 10.564570 -0.146438 0.989138 0.012743 1.387794 -0.006263 -0.013809 0.999885 0.073550 
10 1574 0.996109 0.088097 -0.002424 5.879189 -0.088055 0.996018 0.013997 1.154968 0.003648 -0.013729 0.999899 0.033762 
37 1585 0.993220 -0.068944 -0.093600 12.864857 0.071618 0.997105 0.025526 1.013776 0.091569 -0.032057 0.995283 0.480120 
34 1590 0.998206 -0.001611 -0.059845 7.159315 0.002863 0.999778 0.020865 0.303998 0.059798 -0.020999 0.997990 0.157511 
12 1564 0.999419 0.031692 0.012475 14.360397 -0.031898 0.999352 0.016691 1.292666 -0.011938 -0.017079 0.999783 0.061874 
30 1588 0.999384 -0.001948 -0.035027 5.994042 0.002242 0.999963 0.008356 0.384960 0.035010 -0.008429 0.999352 0.106340 
5 1582 0.972395 0.233322 0.002731 -1.499327 -0.233330 0.972394 0.002857 1.166355 -0.001989 -0.003416 0.999993 -0.040786 
6 1568 0.988845 0.148513 0.011408 9.007380 -0.148666 0.988788 0.013949 1.373872 -0.009209 -0.015490 0.999838 0.013683 
27 1588 0.999516 0.020433 -0.023445 4.134796 -0.020319 0.999780 0.005111 0.381841 0.023544 -0.004632 0.999712 0.051246 
25 1571 0.995457 -0.094820 -0.008668 15.145708 0.094885 0.995462 0.007335 1.581982 0.007933 -0.008124 0.999936 -0.022852 
13 1577 0.999065 0.043038 -0.004070 4.859344 -0.043020 0.999064 0.004603 1.011719 0.004264 -0.004424 0.999981 0.043442 
21 1580 0.999699 -0.016951 -0.017734 6.473150 0.016987 0.999854 0.001901 0.904764 0.017700 -0.002202 0.999841 0.082521 
6 1577 0.984929 0.172897 -0.004589 2.319114 -0.172908 0.984936 -0.001790 1.172198 0.004210 0.002556 0.999988 0.006344 
25 1572 0.995873 -0.089486 -0.015209 14.411816 0.089612 0.995946 0.007851 1.518112 0.014444 -0.009181 0.999854 0.060565 
22 1584 0.999835 0.013448 -0.012146 4.191462 -0.013440 0.999910 0.000741 0.650956 0.012155 -0.000578 0.999925 0.024931 
36 1587 0.995173 -0.046534 -0.086404 10.703633 0.048686 0.998550 0.022961 0.724635 0.085210 -0.027057 0.995995 0.390319 
0 1562 0.989159 0.144740 0.024795 12.056286 -0.145173 0.989266 0.016662 1.662600 -0.022117 -0.020080 0.999554 -0.003321 
35 1583 0.994088 -0.078240 -0.075276 12.874954 0.079639 0.996700 0.015761 1.129408 0.073794 -0.021663 0.997038 0.308086 
30 1586 0.998809 -0.026222 -0.041144 7.419108 0.026657 0.999595 0.010057 0.582838 0.040864 -0.011142 0.999102 0.161998 
17 1582 0.999205 0.039863 0.000151 3.117165 -0.039863 0.999187 0.006021 0.751656 0.000089 -0.006022 0.999982 0.001695 
12 1566 0.999441 0.032323 0.008475 12.729148 -0.032478 0.999296 0.018826 1.285933 -0.007860 -0.019091 0.999787 0.079741 
18 1572 0.999500 -0.031576 0.001750 10.746738 0.031557 0.999451 0.010091 1.246729 -0.002068 -0.010031 0.999948 0.032894 
2 1581 0.973539 0.228469 0.004720 -1.669949 -0.228495 0.973527 0.005913 1.363413 -0.003244 -0.006835 0.999972 -0.038002 
32 1589 0.998956 -0.003197 -0.045555 6.591979 0.003767 0.999917 0.012393 0.343766 0.045512 -0.012552 0.998885 0.128896 
8 1581 0.984562 0.175032 -0.000994 0.208479 -0.175027 0.984554 0.004308 1.002352 0.001732 -0.004068 0.999991 -0.013632 
12 1581 0.995250 0.097342 -0.001038 1.697340 -0.097335 0.995236 0.005774 0.857791 0.001596 -0.005645 0.999983 0.001764 
2 1565 0.986312 0.164175 0.015319 10.148256 -0.164450 0.986205 0.018863 1.584699 -0.012011 -0.021124 0.999705 0.076567 
20 1578 0.999541 -0.024261 -0.018189 7.343487 0.024369 0.999686 0.005744 1.026193 0.018044 -0.006184 0.999818 0.106077 
8 1573 0.992551 0.121827 0.000045 5.885994 -0.121820 0.992488 0.011260 1.223344 0.001327 -0.011182 0.999937 0.038611 
4 1571 0.985179 0.170863 0.015135 6.074717 -0.170997 0.985238 0.008056 1.395109 -0.013535 -0.010524 0.999853 -0.013307 
5 1571 0.986229 0.164851 0.013302 6.385455 -0.164939 0.986287 0.005819 1.345544 -0.012160 -0.007933 0.999895 -0.016492 
13 1566 0.999835 0.016071 0.008563 13.108467 -0.016232 0.999686 0.019147 1.295835 -0.008253 -0.019283 0.999781 0.079549 
28 1585 0.999310 -0.020228 -0.031130 6.897538 0.020459 0.999765 0.007097 0.621441 0.030979 -0.007729 0.999491 0.123351 
30 1577 0.992355 -0.116656 -0.040272 13.760738 0.116701 0.993166 -0.001223 1.616988 0.040139 -0.003486 0.999188 0.242753 
9 1581 0.987881 0.155194 -0.001981 0.558307 -0.155174 0.987854 0.008160 0.967844 0.003223 -0.007754 0.999965 -0.011945 
25 1580 0.998327 -0.050306 -0.028505 8.657087 0.050432 0.998721 0.003672 1.020979 0.028284 -0.005103 0.999587 0.138328 
7 1584 0.975631 0.219409 -0.001891 -2.255483 -0.219396 0.975621 0.005444 1.047714 0.003039 -0.004897 0.999983 -0.049148 
2 1566 0.986263 0.164567 0.014212 9.335866 -0.164823 0.986134 0.019339 1.571282 -0.010832 -0.021416 0.999713 0.069775 
16 1584 0.998032 0.062696 -0.000759 1.255855 -0.062683 0.997971 0.011193 0.717894 0.001460 -0.011123 0.999936 -0.012701 
3 1577 0.981218 0.192899 0.000177 1.379424 -0.192899 0.981216 0.002017 1.326753 0.000215 -0.002014 0.999998 -0.005569 
17 1580 0.999850 0.014600 -0.009286 4.521559 -0.014561 0.999885 0.004276 0.877037 0.009348 -0.004140 0.999947 0.053444 
3 1573 0.984101 0.177558 0.004301 4.275301 -0.177594 0.984047 0.010522 1.425194 -0.002364 -0.011118 0.999935 0.018980 
11 1575 0.997344 0.072840 0.000431 5.555342 -0.072842 0.997317 0.007158 1.070353 0.000092 -0.007170 0.999975 0.012289 
40 1589 0.994792 -0.039805 -0.093830 12.213715 0.043423 0.998377 0.036843 0.565863 0.092211 -0.040725 0.994907 0.536955 
8 1579 0.988123 0.153218 -0.011715 1.574882 -0.153162 0.988185 0.005592 1.056637 0.012434 -0.003731 0.999916 0.004995 
6 1572 0.987243 0.159139 0.005334 5.976057 -0.159167 0.987236 0.005393 1.291296 -0.004408 -0.006173 0.999972 0.014136 
22 1583 0.999883 0.012050 -0.009452 4.905418 -0.012059 0.999927 -0.000854 0.664919 0.009441 0.000968 0.999955 0.022637 
22 1590 0.996346 0.085373 -0.002502 -0.139768 -0.085367 0.996346 0.002651 0.430734 0.002719 -0.002428 0.999994 -0.028269 
15 1567 0.999878 -0.012029 0.009917 13.205279 0.011809 0.999687 0.022039 1.315344 -0.010179 -0.021919 0.999708 0.058057 
33 1583 0.995832 -0.069744 -0.058759 11.525953 0.070448 0.997465 0.009988 1.005170 0.057913 -0.014086 0.998223 0.222670 
9 1585 0.980255 0.197688 -0.004497 -2.281488 -0.197608 0.980181 0.014037 0.979953 0.007182 -0.012871 0.999892 -0.054592 
5 1571 0.986229 0.164851 0.013302 6.385455 -0.164939 0.986287 0.005819 1.345544 -0.012160 -0.007933 0.999895 -0.016492 
29 1590 0.999459 0.024661 -0.021710 3.892730 -0.024438 0.999646 0.010529 0.285062 0.021962 -0.009993 0.999709 0.032831 
13 1579 0.998182 0.059118 -0.011691 3.445648 -0.059035 0.998229 0.007372 0.938741 0.012106 -0.006669 0.999905 0.044115 
20 1582 0.999815 0.018154 -0.006436 4.554298 -0.018105 0.999807 0.007564 0.738717 0.006572 -0.007446 0.999951 0.006398 
10 1563 0.997390 0.070467 0.015756 14.401391 -0.070735 0.997348 0.017153 1.312828 -0.014505 -0.018223 0.999729 0.017103 
24 1587 0.999269 0.031815 -0.021154 3.103348 -0.031704 0.999481 0.005577 0.484132 0.021320 -0.004902 0.999761 0.028675 
39 1589 0.995164 -0.034152 -0.092102 11.493599 0.037572 0.998658 0.035647 0.525675 0.090761 -0.038935 0.995112 0.472856 
13 1564 0.999802 0.015438 0.012563 14.739706 -0.015651 0.999733 0.017012 1.302782 -0.012297 -0.017205 0.999777 0.060182 
6 1578 0.983457 0.180858 -0.010268 1.602570 -0.180861 0.983508 0.000637 1.152395 0.010213 0.001231 0.999947 -0.000558 
10 1573 0.996674 0.081466 -0.001742 6.591357 -0.081429 0.996556 0.015692 1.196497 0.003014 -0.015498 0.999875 0.044873 
32 1577 0.990205 -0.127978 -0.055804 15.046506 0.128179 0.991751 0.000027 1.798537 0.055340 -0.007180 0.998442 0.306867 
19 1575 0.999563 -0.029123 -0.005026 9.050548 0.029146 0.999564 0.004610 1.134063 0.004889 -0.004755 0.999977 0.035134 
20 1590 0.994712 0.102695 0.001070 -1.181668 -0.102701 0.994641 0.011853 0.524183 0.000153 -0.011901 0.999930 -0.039034 
16 1586 0.995932 0.089985 -0.004622 -0.191914 -0.089919 0.995867 0.012794 0.675472 0.005755 -0.012327 0.999907 -0.030890 
2 1583 0.967831 0.251485 0.007628 -3.074605 -0.251549 0.967802 0.009100 1.408465 -0.005094 -0.010726 0.999930 -0.049079 
3 1571 0.984632 0.173853 0.016579 5.768582 -0.174015 0.984703 0.008884 1.446859 -0.014781 -0.011633 0.999823 -0.011229 
15 1580 0.999274 0.037530 -0.006531 3.629302 -0.037474 0.999261 0.008498 0.894525 0.006845 -0.008247 0.999943 0.036701 
21 1590 0.995669 0.092956 -0.001156 -0.669503 -0.092943 0.995636 0.008326 0.471917 0.001925 -0.008182 0.999965 -0.036138 
21 1586 0.998710 0.048450 -0.015199 2.209697 -0.048327 0.998796 0.008387 0.545883 0.015587 -0.007642 0.999849 0.004071 
17 1577 0.999925 -0.010680 -0.005895 6.625474 0.010691 0.999941 0.002045 1.032581 0.005873 -0.002108 0.999981 0.066971 
16 1587 0.995151 0.098315 -0.002858 -0.920521 -0.098276 0.995095 0.011222 0.674114 0.003947 -0.010887 0.999933 -0.036011 
23 1582 0.999904 -0.007962 -0.011306 6.131257 0.007938 0.999966 -0.002221 0.743923 0.011324 0.002131 0.999934 0.037663 
20 1580 0.999848 -0.007104 -0.015910 5.958453 0.007194 0.999958 0.005652 0.900467 0.015869 -0.005766 0.999857 0.071531 
11 1568 0.998596 0.051813 0.011063 10.781550 -0.052043 0.998413 0.021501 1.273308 -0.009931 -0.022047 0.999708 0.013280 
25 1580 0.998327 -0.050306 -0.028505 8.657087 0.050432 0.998721 0.003672 1.020979 0.028284 -0.005103 0.999587 0.138328 
15 1586 0.994699 0.102761 -0.003588 -0.628838 -0.102701 0.994610 0.014237 0.721385 0.005032 -0.013793 0.999892 -0.035949 
6 1568 0.988845 0.148513 0.011408 9.007380 -0.148666 0.988788 0.013949 1.373872 -0.009209 -0.015490 0.999838 0.013683 
1 1583 0.970011 0.242954 0.007253 -3.361974 -0.243024 0.969958 0.011024 1.491272 -0.004357 -0.012456 0.999914 -0.055889 
0 1578 0.983816 0.179102 -0.005366 -0.186433 -0.179030 0.983773 0.011763 1.496817 0.007386 -0.010612 0.999916 -0.056282 
7 1583 0.975941 0.218032 0.000797 -1.542255 -0.218034 0.975934 0.003864 1.052765 0.000064 -0.003945 0.999992 -0.033450 
0 1565 0.989486 0.143961 0.013830 9.576221 -0.144257 0.989260 0.023555 1.682338 -0.010291 -0.025303 0.999627 0.055102 
21 1569 0.997998 -0.063111 0.004228 14.504835 0.063053 0.997933 0.012381 1.408608 -0.005000 -0.012090 0.999914 -0.051039 
1 1581 0.975514 0.219894 0.004299 -1.959183 -0.219923 0.975486 0.007828 1.439399 -0.002472 -0.008582 0.999961 -0.045335 
14 1579 0.999033 0.042628 -0.010690 3.883149 -0.042541 0.999060 0.008342 0.943158 0.011035 -0.007879 0.999909 0.053071 
11 1567 0.998593 0.052365 0.008432 11.562676 -0.052536 0.998389 0.021438 1.275896 -0.007296 -0.021851 0.999735 0.059863 
2 1584 0.967487 0.252869 0.004948 -3.787285 -0.252908 0.967432 0.010671 1.405528 -0.002088 -0.011575 0.999931 -0.069468 
31 1584 0.997166 -0.060692 -0.044441 9.502768 0.061111 0.998098 0.008111 0.881155 0.043864 -0.010804 0.998979 0.178396 
15 1582 0.998026 0.062731 0.003012 2.225519 -0.062758 0.997977 0.010171 0.791710 -0.002368 -0.010340 0.999945 -0.006793 
2 1578 0.979969 0.199108 -0.004045 0.381275 -0.199077 0.979958 0.007021 1.378776 0.005362 -0.006075 0.999967 -0.024776 
4 1586 0.960566 0.278044 -0.002096 -4.638773 -0.278016 0.960535 0.008962 1.328154 0.004505 -0.008026 0.999958 -0.100610 
21 1578 0.999219 -0.034113 -0.019948 7.858010 0.034158 0.999414 0.001962 1.039332 0.019870 -0.002642 0.999799 0.118186 
16 1580 0.999667 0.024696 -0.007469 4.068282 -0.024643 0.999671 0.006991 0.877249 0.007639 -0.006804 0.999947 0.042551 
2 1577 0.981562 0.191134 0.001582 1.095910 -0.191140 0.981551 0.004644 1.388729 -0.000665 -0.004861 0.999988 -0.010414 
19 1587 0.997246 0.073614 -0.009049 0.491223 -0.073520 0.997240 0.010267 0.591292 0.009780 -0.009573 0.999906 -0.020516 
15 1588 0.991917 0.126858 0.002623 -2.049170 -0.126880 0.991850 0.011619 0.719768 -0.001128 -0.011858 0.999930 -0.043536 
10 1586 0.982383 0.186781 -0.006028 -2.658827 -0.186671 0.982302 0.015409 0.940120 0.008800 -0.014012 0.999863 -0.064839 
23 1577 0.998142 -0.058529 -0.016921 9.635843 0.058422 0.998268 -0.006766 1.177059 0.017287 0.005764 0.999834 0.120799 
6 1582 0.974939 0.222472 0.001262 -1.176919 -0.222474 0.974936 0.002125 1.108627 -0.000758 -0.002352 0.999997 -0.034759 
35 1584 0.993996 -0.076785 -0.077939 12.160837 0.078367 0.996772 0.017443 1.104770 0.076348 -0.023446 0.996805 0.331129 
10 1570 0.997081 0.075117 0.013655 8.851674 -0.075332 0.997030 0.015993 1.248109 -0.012413 -0.016975 0.999778 -0.033838 
37 1584 0.992045 -0.086973 -0.091004 13.575159 0.089403 0.995730 0.022973 1.260163 0.088617 -0.030927 0.995585 0.447331 
17 1588 0.994566 0.104111 -0.000499 -1.161961 -0.104104 0.994537 0.007661 0.622412 0.001294 -0.007568 0.999971 -0.033965 
20 1586 0.998214 0.058274 -0.013133 1.695796 -0.058118 0.998237 0.012010 0.575193 0.013810 -0.011226 0.999842 -0.005856 
35 1587 0.995967 -0.041089 -0.079757 9.990432 0.042829 0.998878 0.020223 0.671397 0.078837 -0.023558 0.996609 0.335086 
4 1572 0.984326 0.176150 0.008598 5.340090 -0.176222 0.984314 0.008445 1.379313 -0.006975 -0.009827 0.999928 0.010479 
5 1575 0.983625 0.180213 0.002044 3.458694 -0.180214 0.983627 0.000411 1.248274 -0.001937 -0.000772 0.999998 -0.011091 
9 1580 0.989766 0.142446 -0.008475 1.236035 -0.142372 0.989774 0.008846 1.005926 0.009648 -0.007549 0.999925 -0.003399 
3 1574 0.982901 0.184101 0.003584 3.564724 -0.184126 0.982863 0.008787 1.399094 -0.001905 -0.009297 0.999955 0.006464 
21 1573 0.998277 -0.057795 -0.010116 11.474555 0.057873 0.998294 0.007737 1.320853 0.009651 -0.008309 0.999919 0.084907 
28 1588 0.999568 0.013398 -0.026135 4.739419 -0.013242 0.999894 0.006101 0.377607 0.026214 -0.005752 0.999640 0.068538 
16 1574 0.999954 -0.009557 -0.000765 8.360335 0.009567 0.999888 0.011535 1.136938 0.000655 -0.011542 0.999933 0.055026 
6 1570 0.988366 0.151356 0.015048 7.477035 -0.151473 0.988437 0.006951 1.328595 -0.013822 -0.009149 0.999862 -0.029268 
13 1571 0.999645 0.023656 0.012283 9.254274 -0.023797 0.999652 0.011388 1.199053 -0.012009 -0.011676 0.999860 -0.017827 
13 1575 0.999227 0.039295 0.001112 6.324726 -0.039301 0.999209 0.005994 1.057125 -0.000876 -0.006033 0.999982 0.019103 
14 1575 0.999738 0.022777 0.002094 6.762133 -0.022792 0.999716 0.006983 1.070181 -0.001934 -0.007029 0.999974 0.022410 
15 1584 0.997146 0.075495 0.000235 0.817823 -0.075492 0.997066 0.012663 0.751859 0.000722 -0.012645 0.999920 -0.015864 
0 1570 0.988599 0.149294 0.019613 5.677700 -0.149651 0.988571 0.018218 1.619305 -0.016669 -0.020945 0.999641 -0.041345 
19 1590 0.993963 0.109662 0.003385 -1.655281 -0.109694 0.993898 0.011527 0.574737 -0.002101 -0.011829 0.999928 -0.039596 
8 1583 0.980133 0.198333 0.001878 -1.205212 -0.198341 0.980103 0.007631 1.003000 -0.000327 -0.007852 0.999969 -0.028547 
1 1579 0.980116 0.198315 -0.006502 -0.601467 -0.198253 0.980108 0.009228 1.445496 0.008203 -0.007755 0.999937 -0.050346 
6 1574 0.986447 0.164083 -0.001148 4.505796 -0.164075 0.986435 0.004938 1.253018 0.001943 -0.004683 0.999987 0.016144 
21 1575 0.998903 -0.045933 -0.009079 10.041013 0.045941 0.998943 0.000811 1.168841 0.009033 -0.001227 0.999959 0.045563 
11 1571 0.998295 0.057212 0.011584 8.484750 -0.057357 0.998275 0.012541 1.200305 -0.010846 -0.013184 0.999855 -0.015979 
3 1580 0.976024 0.217639 -0.003217 -0.715102 -0.217625 0.976023 0.004095 1.303493 0.004031 -0.003297 0.999986 -0.038024 
5 1567 0.987057 0.160044 0.010183 9.462708 -0.160183 0.986977 0.014726 1.410790 -0.007694 -0.016166 0.999840 0.051667 
10 1587 0.980796 0.194990 -0.004242 -3.385181 -0.194915 0.980722 0.013848 0.959492 0.006861 -0.012756 0.999895 -0.065416 
8 1582 0.982323 0.187182 0.002017 -0.513810 -0.187191 0.982301 0.006705 1.002454 -0.000727 -0.006964 0.999976 -0.025610 
33 1590 0.998697 0.003515 -0.050892 6.489121 -0.002649 0.999850 0.017076 0.284845 0.050945 -0.016919 0.998559 0.125862 
17 1584 0.998610 0.052632 -0.002679 1.708856 -0.052608 0.998579 0.008550 0.700455 0.003125 -0.008397 0.999960 -0.004655 
6 1571 0.988021 0.153861 0.011888 6.711152 -0.153929 0.988069 0.004986 1.310463 -0.010979 -0.006757 0.999917 -0.013877 
11 1584 0.990217 0.139526 -0.001297 -0.821867 -0.139500 0.990147 0.012194 0.856031 0.002986 -0.011894 0.999925 -0.032153 
11 1586 0.986015 0.166575 -0.005133 -2.264988 -0.166492 0.985946 0.013810 0.870282 0.007361 -0.012762 0.999892 -0.059295 
4 1568 0.986096 0.165532 0.014638 8.370497 -0.165772 0.986016 0.017035 1.455072 -0.011614 -0.019225 0.999749 0.013242 
5 1572 0.985399 0.170126 0.006753 5.650575 -0.170168 0.985395 0.006218 1.328101 -0.005596 -0.007277 0.999959 0.009362 
13 1566 0.999835 0.016071 0.008563 13.108467 -0.016232 0.999686 0.019147 1.295835 -0.008253 -0.019283 0.999781 0.079549 
4 1578 0.980207 0.197856 -0.006938 0.968825 -0.197835 0.980228 0.003616 1.254421 0.007516 -0.002172 0.999969 -0.013705 
26 1584 0.999476 -0.021700 -0.023993 6.428384 0.021859 0.999741 0.006343 0.702918 0.023849 -0.006864 0.999691 0.069159 
8 1571 0.992926 0.118096 0.012322 7.380113 -0.118217 0.992941 0.009607 1.250828 -0.011100 -0.010996 0.999878 -0.011772 
20 1589 0.995697 0.092641 -0.002226 -0.428562 -0.092614 0.995650 0.010198 0.514470 0.003161 -0.009948 0.999946 -0.029799 
28 1582 0.998377 -0.051005 -0.025332 9.022177 0.051092 0.998690 0.002813 0.887110 0.025155 -0.004103 0.999676 0.097668 
5 1566 0.987496 0.157348 0.009624 10.238627 -0.157470 0.987430 0.013587 1.420360 -0.007365 -0.014932 0.999862 0.069501 
19 1584 0.999256 0.037938 -0.006913 2.669691 -0.037867 0.999233 0.010018 0.685530 0.007287 -0.009749 0.999925 -0.000734 
26 1573 0.994677 -0.100477 -0.022846 14.230309 0.100651 0.994900 0.006573 1.588091 0.022069 -0.008837 0.999717 0.137116 
22 1587 0.998685 0.049141 -0.014611 2.010722 -0.049129 0.998792 0.001183 0.502408 0.014651 -0.000464 0.999893 0.008947 
15 1576 0.999914 0.013008 0.001902 6.460476 -0.013017 0.999903 0.004905 1.032021 -0.001838 -0.004930 0.999987 0.034598 
26 1588 0.999312 0.029941 -0.021899 3.551520 -0.029803 0.999535 0.006558 0.381103 0.022086 -0.005901 0.999739 0.031427 
29 1576 0.993527 -0.109618 -0.029798 13.848989 0.109591 0.993974 -0.002534 1.537678 0.029897 -0.000748 0.999553 0.160641 
5 1589 0.952272 0.305179 0.006564 -6.433566 -0.305212 0.952272 0.004821 1.392340 -0.004780 -0.006594 0.999967 -0.057109 
7 1578 0.986205 0.165192 -0.010584 1.930287 -0.165186 0.986261 0.001425 1.106033 0.010674 0.000344 0.999942 0.007485 
0 1576 0.985116 0.171807 0.005374 1.254538 -0.171846 0.985092 0.007944 1.510946 -0.003929 -0.008749 0.999954 -0.029693 
35 1590 0.997743 -0.005066 -0.066949 7.844164 0.006689 0.999689 0.024042 0.310004 0.066806 -0.024436 0.997467 0.201743 
2 1584 0.967487 0.252869 0.004948 -3.787285 -0.252908 0.967432 0.010671 1.405528 -0.002088 -0.011575 0.999931 -0.069468 
20 1575 0.999320 -0.036124 -0.007364 9.526581 0.036158 0.999335 0.004613 1.149636 0.007193 -0.004876 0.999962 0.039038 
16 1581 0.999292 0.037589 -0.000999 3.388886 -0.037582 0.999274 0.006292 0.802496 0.001234 -0.006250 0.999980 0.015817 
16 1579 0.999810 0.015514 -0.011764 4.758443 -0.015425 0.999852 0.007575 0.927352 0.011880 -0.007392 0.999902 0.068447 
10 1570 0.997081 0.075117 0.013655 8.851674 -0.075332 0.997030 0.015993 1.248109 -0.012413 -0.016975 0.999778 -0.033838 
17 1586 0.996778 0.079930 -0.006613 0.260405 -0.079861 0.996754 0.010205 0.645678 0.007407 -0.009644 0.999926 -0.020912 
2 1570 0.985303 0.169514 0.021076 6.249298 -0.169817 0.985383 0.013517 1.518404 -0.018477 -0.016897 0.999686 -0.023643 
7 1589 0.960190 0.279305 0.004822 -5.796206 -0.279327 0.960183 0.005019 1.226399 -0.003228 -0.006167 0.999976 -0.048667 
19 1588 0.995979 0.089467 -0.004651 -0.203174 -0.089421 0.995950 0.009346 0.557890 0.005469 -0.008892 0.999946 -0.031772 
33 1582 0.994981 -0.081077 -0.058643 12.216563 0.081704 0.996621 0.008374 1.149049 0.057766 -0.013123 0.998245 0.222872 
1 1567 0.987247 0.158557 0.014246 8.266895 -0.158848 0.987050 0.022350 1.621926 -0.010518 -0.024328 0.999649 0.047140 
13 1587 0.989915 0.141639 -0.002802 -2.228005 -0.141600 0.989863 0.011014 0.794299 0.004333 -0.010506 0.999936 -0.049897 
36 1584 0.993010 -0.082223 -0.084680 12.871820 0.084193 0.996250 0.019942 1.183442 0.082723 -0.026932 0.996208 0.384581 
6 1579 0.981962 0.188676 -0.012312 0.908686 -0.188679 0.982038 0.000989 1.139862 0.012277 0.001352 0.999924 -0.013051 
16 1567 0.999650 -0.024842 0.009055 13.644613 0.024653 0.999486 0.020488 1.319759 -0.009560 -0.020257 0.999749 0.056438 
0 1563 0.989241 0.144673 0.021703 11.225725 -0.145096 0.989228 0.019405 1.669335 -0.018662 -0.022345 0.999577 0.016112 
6 1587 0.963001 0.269469 -0.003950 -4.739936 -0.269451 0.963002 0.004704 1.205018 0.005072 -0.003466 0.999981 -0.087480 
5 1561 0.986931 0.159468 0.023155 14.384437 -0.159588 0.987178 0.003461 1.374673 -0.022307 -0.007111 0.999726 -0.003691 
26 1576 0.996213 -0.084150 -0.021884 12.063327 0.084107 0.996453 -0.002916 1.333228 0.022052 0.001064 0.999756 0.108179 
13 1584 0.994347 0.106180 -0.000696 -0.055117 -0.106166 0.994288 0.010987 0.791318 0.001858 -0.010851 0.999939 -0.023318 
12 1579 0.997088 0.075331 -0.011793 3.066332 -0.075252 0.997140 0.007056 0.945128 0.012290 -0.006148 0.999906 0.036388 
5 1571 0.986229 0.164851 0.013302 6.385455 -0.164939 0.986287 0.005819 1.345544 -0.012160 -0.007933 0.999895 -0.016492 
23 1574 0.997633 -0.067442 -0.013436 11.822545 0.067447 0.997723 -0.000149 1.323975 0.013415 -0.000758 0.999909 0.105064 
18 1578 0.999861 -0.009458 -0.013747 6.370239 0.009534 0.999939 0.005413 1.002629 0.013695 -0.005543 0.999890 0.092460 
20 1583 0.999543 0.029515 -0.006564 3.859566 -0.029458 0.999529 0.008586 0.681724 0.006815 -0.008389 0.999942 0.004855 
27 1586 0.999558 -0.003866 -0.029489 5.560847 0.004077 0.999966 0.007096 0.534324 0.029460 -0.007213 0.999540 0.096009 
17 1590 0.992218 0.124283 0.007503 -2.612543 -0.124354 0.992190 0.009758 0.658786 -0.006231 -0.010615 0.999925 -0.034454 
4 1566 0.986498 0.163378 0.011440 9.927510 -0.163547 0.986408 0.015837 1.467566 -0.008697 -0.017494 0.999810 0.071194 
18 1575 0.999768 -0.021319 -0.002918 8.553588 0.021332 0.999762 0.004335 1.114589 0.002825 -0.004396 0.999986 0.035987 
16 1575 0.999990 -0.004339 0.001035 7.637694 0.004333 0.999971 0.006195 1.071667 -0.001062 -0.006191 0.999980 0.026453 
6 1581 0.977615 0.210397 -0.001692 -0.455863 -0.210398 0.977616 -0.000280 1.100338 0.001595 0.000630 0.999999 -0.024489 
18 1584 0.998941 0.045736 -0.004828 2.172543 -0.045687 0.998909 0.009602 0.699401 0.005262 -0.009371 0.999942 -0.001049 
8 1588 0.968235 0.250038 0.001407 -4.769228 -0.250041 0.968200 0.008224 1.106388 0.000694 -0.008314 0.999966 -0.065817 
0 1589 0.956150 0.292660 0.011212 -7.853474 -0.292804 0.956060 0.014677 1.861822 -0.006424 -0.017316 0.999829 -0.082739 
19 1589 0.995026 0.099615 0.000092 -0.902659 -0.099611 0.994977 0.009895 0.560223 0.000894 -0.009855 0.999951 -0.031791 
11 1569 0.998362 0.055583 0.013627 10.021474 -0.055836 0.998261 0.018890 1.233339 -0.012553 -0.019619 0.999729 -0.022538 
26 1586 0.999592 0.005652 -0.027979 4.977890 -0.005414 0.999949 0.008580 0.519338 0.028026 -0.008425 0.999571 0.072772 
10 1576 0.995207 0.097790 -0.000634 4.418899 -0.097784 0.995191 0.005854 1.067858 0.001203 -0.005764 0.999983 0.019816 
4 1575 0.982497 0.186238 0.003912 3.148746 -0.186249 0.982498 0.002618 1.302655 -0.003356 -0.003301 0.999990 -0.011140 
3 1574 0.982901 0.184101 0.003584 3.564724 -0.184126 0.982863 0.008787 1.399094 -0.001905 -0.009297 0.999955 0.006464 
32 1587 0.998071 -0.029264 -0.054736 7.987235 0.029941 0.999485 0.011569 0.571222 0.054369 -0.013185 0.998434 0.206777 
2 1588 0.953132 0.302466 0.007227 -6.614469 -0.302525 0.953095 0.009385 1.610406 -0.004049 -0.011132 0.999931 -0.088314 
10 1580 0.992467 0.122175 -0.009043 1.589416 -0.122089 0.992474 0.009508 0.980226 0.010136 -0.008332 0.999913 0.004159 
17 1579 0.999893 0.005404 -0.013556 5.211653 -0.005340 0.999974 0.004844 0.931324 0.013582 -0.004771 0.999897 0.081256 
12 1567 0.999344 0.035050 0.009048 11.952855 -0.035225 0.999180 0.019968 1.269553 -0.008341 -0.020274 0.999760 0.060772 
22 1579 0.999169 -0.033879 -0.022643 7.693374 0.033809 0.999423 -0.003404 0.999168 0.022745 0.002635 0.999738 0.137087 
7 1581 0.980838 0.194814 -0.001985 -0.129636 -0.194814 0.980841 0.000516 1.044122 0.002048 -0.000120 0.999998 -0.019304 
4 1585 0.963122 0.269066 -0.001034 -3.913599 -0.269049 0.963090 0.008320 1.304086 0.003234 -0.007735 0.999966 -0.081307 
8 1576 0.990421 0.138083 0.001081 3.714066 -0.138084 0.990420 0.001393 1.106327 -0.000878 -0.001529 0.999999 0.014534 
3 1590 0.946145 0.323459 0.013516 -7.771452 -0.323590 0.946155 0.008911 1.657961 -0.009905 -0.012805 0.999869 -0.046510 
15 1582 0.998026 0.062731 0.003012 2.225519 -0.062758 0.997977 0.010171 0.791710 -0.002368 -0.010340 0.999945 -0.006793 
12 1583 0.992661 0.120914 0.001868 0.279838 -0.120926 0.992620 0.009097 0.823190 -0.000754 -0.009256 0.999957 -0.016671 
14 1583 0.996088 0.088313 0.003029 1.095854 -0.088341 0.996037 0.010331 0.783752 -0.002104 -0.010558 0.999943 -0.010801 
18 1582 0.999454 0.032960 -0.002011 3.580836 -0.032945 0.999432 0.007045 0.756513 0.002242 -0.006975 0.999973 0.003951 
0 1580 0.980610 0.195945 -0.002985 -1.562606 -0.195900 0.980557 0.011451 1.500386 0.005171 -0.010644 0.999930 -0.074207 
1 1567 0.987247 0.158557 0.014246 8.266895 -0.158848 0.987050 0.022350 1.621926 -0.010518 -0.024328 0.999649 0.047140 
4 1567 0.986041 0.166070 0.012005 9.151722 -0.166259 0.985936 0.016970 1.458850 -0.009018 -0.018729 0.999785 0.053465 
12 1571 0.999129 0.039906 0.012192 8.874893 -0.040041 0.999137 0.011068 1.192045 -0.011740 -0.011546 0.999864 -0.016332 
3 1589 0.949405 0.313887 0.010249 -7.029449 -0.313967 0.949405 0.007382 1.581411 -0.007413 -0.010226 0.999920 -0.056462 
15 1581 0.998728 0.050407 -0.000041 2.950138 -0.050405 0.998699 0.007787 0.825455 0.000434 -0.007775 0.999970 0.012783 
27 1577 0.995127 -0.094419 -0.028395 11.914403 0.094368 0.995532 -0.003120 1.400869 0.028563 0.000425 0.999592 0.178120 
36 1584 0.993010 -0.082223 -0.084680 12.871820 0.084193 0.996250 0.019942 1.183442 0.082723 -0.026932 0.996208 0.384581 
23 1588 0.998329 0.056426 -0.012463 1.845340 -0.056428 0.998406 0.000174 0.420722 0.012453 0.000530 0.999922 0.005458 
5 1581 0.975209 0.221281 -0.000233 -0.778942 -0.221281 0.975210 0.000470 1.154089 0.000331 -0.000407 1.000001 -0.031332 
22 1584 0.999835 0.013448 -0.012146 4.191462 -0.013440 0.999910 0.000741 0.650956 0.012155 -0.000578 0.999925 0.024931 
26 1590 0.998640 0.050246 -0.013917 2.095414 -0.050122 0.998701 0.009091 0.321580 0.014356 -0.008381 0.999862 -0.005294 
21 1568 0.997759 -0.066897 0.001688 15.264267 0.066863 0.997649 0.014957 1.465677 -0.002685 -0.014811 0.999887 -0.004541 
35 1584 0.993996 -0.076785 -0.077939 12.160837 0.078367 0.996772 0.017443 1.104770 0.076348 -0.023446 0.996805 0.331129 
6 1580 0.980225 0.197722 -0.008077 0.220336 -0.197726 0.980257 0.000410 1.125273 0.007999 0.001195 0.999967 -0.022517 
10 1564 0.997525 0.069471 0.010776 13.570840 -0.069673 0.997377 0.019642 1.320681 -0.009384 -0.020344 0.999749 0.064106 
18 1586 0.997289 0.073050 -0.008733 0.723870 -0.072949 0.997271 0.011315 0.631964 0.009536 -0.010647 0.999897 -0.015351 
10 1586 0.982383 0.186781 -0.006028 -2.658827 -0.186671 0.982302 0.015409 0.940120 0.008800 -0.014012 0.999863 -0.064839 
20 1580 0.999848 -0.007104 -0.015910 5.958453 0.007194 0.999958 0.005652 0.900467 0.015869 -0.005766 0.999857 0.071531 
27 1586 0.999558 -0.003866 -0.029489 5.560847 0.004077 0.999966 0.007096 0.534324 0.029460 -0.007213 0.999540 0.096009 
8 1565 0.993866 0.110164 0.009723 12.046442 -0.110316 0.993753 0.016889 1.347424 -0.007802 -0.017858 0.999810 0.083067 
32 1590 0.999083 0.006897 -0.042238 5.837252 -0.006289 0.999875 0.014486 0.282553 0.042333 -0.014207 0.999003 0.097648 
37 1588 0.995491 -0.035494 -0.087969 10.718184 0.037969 0.998924 0.026631 0.568194 0.086929 -0.029851 0.995767 0.397357 
12 1584 0.992488 0.122329 -0.000812 -0.433767 -0.122313 0.992435 0.010676 0.815623 0.002112 -0.010496 0.999942 -0.027094 
5 1580 0.977969 0.208643 -0.006628 -0.103361 -0.208640 0.977992 0.001179 1.174833 0.006728 0.000230 0.999977 -0.031464 
26 1582 0.999182 -0.034473 -0.021134 7.836477 0.034556 0.999397 0.003542 0.814183 0.020999 -0.004270 0.999771 0.061795 
31 1582 0.996430 -0.073453 -0.041605 10.908646 0.073726 0.997266 0.005052 1.031379 0.041120 -0.008101 0.999122 0.162546 
17 1572 0.999688 -0.024668 0.003975 10.284340 0.024630 0.999654 0.009209 1.211986 -0.004201 -0.009108 0.999950 0.032697 
15 1571 0.999889 -0.007175 0.013072 10.127514 0.007004 0.999889 0.013135 1.231726 -0.013165 -0.013042 0.999829 -0.022513 
4 1568 0.986096 0.165532 0.014638 8.370497 -0.165772 0.986016 0.017035 1.455072 -0.011614 -0.019225 0.999749 0.013242 
1 1565 0.987730 0.155471 0.014773 9.854606 -0.155757 0.987577 0.020746 1.641535 -0.011364 -0.022792 0.999676 0.071744 
15 1582 0.998026 0.062731 0.003012 2.225519 -0.062758 0.997977 0.010171 0.791710 -0.002368 -0.010340 0.999945 -0.006793 
35 1588 0.996848 -0.025253 -0.075205 9.297523 0.026860 0.999431 0.020432 0.486155 0.074646 -0.022387 0.996959 0.283536 
26 1581 0.998612 -0.046825 -0.024103 8.560161 0.046859 0.998902 0.000860 0.917147 0.024037 -0.001988 0.999709 0.098020 
8 1567 0.993522 0.113267 0.009184 10.457798 -0.113421 0.993374 0.018509 1.321016 -0.007027 -0.019430 0.999787 0.060256 
9 1586 0.978360 0.206834 -0.005505 -3.009788 -0.206736 0.978287 0.014711 0.988832 0.008428 -0.013255 0.999877 -0.071823 
18 1573 0.999440 -0.033189 -0.003997 9.987890 0.033233 0.999383 0.011333 1.248860 0.003618 -0.011460 0.999927 0.074311 
9 1577 0.993074 0.117369 -0.005199 3.337565 -0.117334 0.993070 0.006634 1.078518 0.005942 -0.005978 0.999965 0.021715 
10 1564 0.997525 0.069471 0.010776 13.570840 -0.069673 0.997377 0.019642 1.320681 -0.009384 -0.020344 0.999749 0.064106 
24 1573 0.996414 -0.082751 -0.017596 13.091996 0.082859 0.996546 0.005539 1.466688 0.017077 -0.006978 0.999830 0.111936 
17 1571 0.999494 -0.030024 0.010508 11.019820 0.029932 0.999513 0.008795 1.253989 -0.010767 -0.008476 0.999906 -0.023703 
16 1590 0.990900 0.134251 0.009607 -3.063169 -0.134363 0.990856 0.012256 0.708781 -0.007874 -0.013435 0.999879 -0.038244 
12 1589 0.983015 0.183417 0.006222 -3.992231 -0.183473 0.982973 0.010174 0.882054 -0.004250 -0.011143 0.999929 -0.038292 
22 1584 0.999835 0.013448 -0.012146 4.191462 -0.013440 0.999910 0.000741 0.650956 0.012155 -0.000578 0.999925 0.024931 
24 1587 0.999269 0.031815 -0.021154 3.103348 -0.031704 0.999481 0.005577 0.484132 0.021320 -0.004902 0.999761 0.028675 
12 1587 0.987481 0.157710 -0.002929 -2.605536 -0.157670 0.987434 0.010707 0.832107 0.004581 -0.010111 0.999938 -0.054617 
15 1589 0.990551 0.136947 0.007390 -2.746936 -0.137029 0.990493 0.012093 0.740986 -0.005664 -0.012991 0.999900 -0.035073 
5 1564 0.987546 0.156739 0.013628 11.869781 -0.156897 0.987549 0.011452 1.425710 -0.011663 -0.013448 0.999842 0.061912 
19 1578 0.999726 -0.017259 -0.015851 6.867373 0.017351 0.999833 0.005714 1.016235 0.015749 -0.005987 0.999857 0.097002 
32 1580 0.992932 -0.102849 -0.059225 12.958383 0.103238 0.994651 0.003517 1.430507 0.058546 -0.009606 0.998238 0.321255 
24 1583 0.999855 -0.005312 -0.016154 5.998058 0.005366 0.999980 0.003294 0.687170 0.016136 -0.003380 0.999864 0.036723 
10 1583 0.987374 0.158403 0.000440 -0.504043 -0.158397 0.987300 0.012187 0.921574 0.001496 -0.012103 0.999925 -0.023252 
25 1572 0.995873 -0.089486 -0.015209 14.411816 0.089612 0.995946 0.007851 1.518112 0.014444 -0.009181 0.999854 0.060565 
10 1571 0.996924 0.077669 0.010518 8.085592 -0.077813 0.996869 0.014032 1.226532 -0.009395 -0.014807 0.999846 -0.014241 
15 1565 0.999830 -0.015153 0.010445 14.793925 0.014938 0.999680 0.020422 1.350308 -0.010751 -0.020262 0.999737 0.079233 
19 1574 0.999388 -0.034341 -0.006817 9.772826 0.034408 0.999359 0.009919 1.206781 0.006472 -0.010147 0.999927 0.065832 
20 1579 0.999663 -0.016292 -0.020192 6.648181 0.016419 0.999846 0.006159 0.968007 0.020088 -0.006488 0.999778 0.105397 
2 1588 0.953132 0.302466 0.007227 -6.614469 -0.302525 0.953095 0.009385 1.610406 -0.004049 -0.011132 0.999931 -0.088314 
10 1581 0.990848 0.134954 -0.002540 0.911367 -0.134928 0.990816 0.008829 0.937568 0.003708 -0.008406 0.999958 -0.006664 
27 1580 0.997090 -0.069232 -0.031908 9.817692 0.069257 0.997598 -0.000319 1.111824 0.031854 -0.001891 0.999490 0.182351 
21 1587 0.998294 0.056813 -0.013471 1.479972 -0.056724 0.998365 0.006903 0.524336 0.013841 -0.006127 0.999886 -0.005269 
25 1571 0.995457 -0.094820 -0.008668 15.145708 0.094885 0.995462 0.007335 1.581982 0.007933 -0.008124 0.999936 -0.022852 
16 1581 0.999292 0.037589 -0.000999 3.388886 -0.037582 0.999274 0.006292 0.802496 0.001234 -0.006250 0.999980 0.015817 
6 1567 0.988792 0.149042 0.008773 9.788563 -0.149154 0.988716 0.013886 1.377336 -0.006605 -0.015039 0.999865 0.055585 
32 1588 0.998643 -0.013376 -0.050317 7.292461 0.013966 0.999838 0.011377 0.418067 0.050157 -0.012065 0.998669 0.163641 
22 1580 0.999526 -0.024655 -0.018449 7.004014 0.024587 0.999690 -0.003887 0.921975 0.018539 0.003432 0.999822 0.098819 
31 1582 0.996430 -0.073453 -0.041605 10.908646 0.073726 0.997266 0.005052 1.031379 0.041120 -0.008101 0.999122 0.162546 
8 1578 0.989334 0.145342 -0.009708 2.269444 -0.145296 0.989374 0.005244 1.074470 0.010367 -0.003778 0.999939 0.016099 
27 1587 0.999604 0.004510 -0.027772 4.831056 -0.004352 0.999973 0.005733 0.484530 0.027797 -0.005610 0.999598 0.081053 
34 1585 0.995767 -0.055359 -0.073382 10.765408 0.056747 0.998244 0.016973 0.840786 0.072314 -0.021066 0.997160 0.306914 
29 1587 0.999352 -0.011555 -0.034087 6.044825 0.011846 0.999895 0.008359 0.503198 0.033987 -0.008757 0.999384 0.118523 
8 1580 0.986713 0.162301 -0.007438 0.885807 -0.162267 0.986734 0.005007 1.035902 0.008152 -0.003734 0.999960 -0.007345 
2 1573 0.984413 0.175777 0.005665 3.990838 -0.175838 0.984331 0.013170 1.482706 -0.003261 -0.013961 0.999897 0.014828 
11 1581 0.993411 0.114591 -0.001562 1.308346 -0.114578 0.993388 0.007279 0.888455 0.002385 -0.007052 0.999973 -0.003129 
4 1586 0.960566 0.278044 -0.002096 -4.638773 -0.278016 0.960535 0.008962 1.328154 0.004505 -0.008026 0.999958 -0.100610 
22 1581 0.999858 -0.011692 -0.012119 6.325249 0.011638 0.999923 -0.004443 0.809189 0.012170 0.004301 0.999917 0.053359 
5 1586 0.962249 0.272137 -0.004163 -4.335339 -0.272105 0.962243 0.006941 1.244811 0.005895 -0.005546 0.999968 -0.098108 
7 1590 0.957294 0.289001 0.008066 -6.541852 -0.289055 0.957290 0.006604 1.290475 -0.005812 -0.008653 0.999946 -0.042040 
23 1571 0.996977 -0.077696 -0.000346 14.027317 0.077697 0.996977 -0.000226 1.456615 0.000363 0.000199 0.999999 -0.020711 
20 1583 0.999543 0.029515 -0.006564 3.859566 -0.029458 0.999529 0.008586 0.681724 0.006815 -0.008389 0.999942 0.004855 
3 1574 0.982901 0.184101 0.003584 3.564724 -0.184126 0.982863 0.008787 1.399094 -0.001905 -0.009297 0.999955 0.006464 
12 1590 0.981086 0.193333 0.009517 -4.741437 -0.193439 0.981042 0.011744 0.927871 -0.007066 -0.013363 0.999886 -0.036821 
11 1585 0.987533 0.157359 -0.004116 -1.535599 -0.157294 0.987464 0.013139 0.868346 0.006132 -0.012328 0.999906 -0.042988 
25 1576 0.997003 -0.074758 -0.019949 11.484359 0.074765 0.997202 -0.000456 1.281201 0.019927 -0.001037 0.999801 0.093679 
16 1589 0.992232 0.124238 0.006307 -2.311833 -0.124299 0.992187 0.010687 0.679988 -0.004930 -0.011388 0.999923 -0.034714 
18 1576 0.999854 -0.016800 -0.002960 7.815860 0.016805 0.999858 0.001533 1.064234 0.002934 -0.001582 0.999994 0.046331 
16 1583 0.998119 0.061272 0.001920 1.969629 -0.061287 0.998074 0.009614 0.727805 -0.001328 -0.009714 0.999952 -0.006983 
1 1568 0.987294 0.158004 0.016877 7.485575 -0.158361 0.987126 0.022416 1.617710 -0.013118 -0.024803 0.999607 0.009245 
20 1587 0.997713 0.066627 -0.011375 0.966319 -0.066508 0.997730 0.010510 0.557971 0.012049 -0.009729 0.999880 -0.014290 
32 1577 0.990205 -0.127978 -0.055804 15.046506 0.128179 0.991751 0.000027 1.798537 0.055340 -0.007180 0.998442 0.306867 
1 1586 0.962635 0.270799 0.000748 -5.498922 -0.270783 0.962538 0.014050 1.591518 0.003084 -0.013728 0.999901 -0.118953 
23 1589 0.997746 0.066645 -0.007813 1.144495 -0.066640 0.997776 0.000803 0.402108 0.007849 -0.000281 0.999969 -0.003996 
6 1588 0.958594 0.284776 0.000359 -5.424117 -0.284775 0.958587 0.003702 1.255013 0.000710 -0.003651 0.999994 -0.075893 
3 1573 0.984101 0.177558 0.004301 4.275301 -0.177594 0.984047 0.010522 1.425194 -0.002364 -0.011118 0.999935 0.018980 
2 1588 0.953132 0.302466 0.007227 -6.614469 -0.302525 0.953095 0.009385 1.610406 -0.004049 -0.011132 0.999931 -0.088314 
29 1590 0.999459 0.024661 -0.021710 3.892730 -0.024438 0.999646 0.010529 0.285062 0.021962 -0.009993 0.999709 0.032831 
24 1581 0.999399 -0.029039 -0.018917 7.417010 0.029034 0.999579 -0.000455 0.857312 0.018923 -0.000095 0.999821 0.070545 
14 1584 0.995965 0.089736 0.000350 0.382174 -0.089734 0.995895 0.011908 0.775055 0.000720 -0.011892 0.999929 -0.018962 
27 1589 0.999355 0.030644 -0.018744 3.433619 -0.030539 0.999516 0.005852 0.339813 0.018914 -0.005276 0.999807 0.031182 
13 1570 0.999659 0.021108 0.015427 10.020405 -0.021314 0.999684 0.013353 1.223552 -0.015140 -0.013677 0.999792 -0.041085 
2 1587 0.957843 0.287276 0.002827 -5.935739 -0.287290 0.957786 0.010496 1.541369 0.000308 -0.010866 0.999942 -0.105319 
2 1573 0.984413 0.175777 0.005665 3.990838 -0.175838 0.984331 0.013170 1.482706 -0.003261 -0.013961 0.999897 0.014828 
30 1583 0.997891 -0.054983 -0.034512 9.581326 0.055216 0.998458 0.005831 0.853279 0.034138 -0.007725 0.999387 0.133704 
23 1576 0.998265 -0.057704 -0.011782 10.363728 0.057610 0.998305 -0.008184 1.178355 0.012235 0.007491 0.999897 0.082189 
12 1575 0.998456 0.055532 0.001017 5.945289 -0.055537 0.998440 0.005676 1.056019 -0.000700 -0.005723 0.999983 0.016286 
10 1564 0.997525 0.069471 0.010776 13.570840 -0.069673 0.997377 0.019642 1.320681 -0.009384 -0.020344 0.999749 0.064106 
12 1582 0.993971 0.109625 0.001990 0.973189 -0.109638 0.993939 0.008170 0.839519 -0.001083 -0.008339 0.999965 -0.014223 
3 1566 0.985979 0.166376 0.012878 9.620984 -0.166578 0.985887 0.016676 1.516984 -0.009922 -0.018587 0.999778 0.071779 
10 1588 0.977583 0.210550 0.000212 -4.073369 -0.210535 0.977502 0.012850 0.987895 0.002498 -0.012607 0.999918 -0.059831 
16 1568 0.999609 -0.025389 0.011687 12.863449 0.025146 0.999472 0.020551 1.318200 -0.012202 -0.020249 0.999720 0.004351 
4 1577 0.981802 0.189902 -0.001283 1.684501 -0.189901 0.981802 0.001216 1.269115 0.001491 -0.000951 0.999999 -0.002968 
2 1579 0.978340 0.206913 -0.006039 -0.310716 -0.206868 0.978342 0.007323 1.375947 0.007423 -0.005915 0.999956 -0.039833 
5 1585 0.964751 0.263146 -0.003082 -3.609397 -0.263123 0.964741 0.006279 1.223575 0.004625 -0.005247 0.999977 -0.079204 
28 1575 0.994120 -0.105122 -0.025974 13.979774 0.105127 0.994458 -0.001155 1.540015 0.025952 -0.001582 0.999662 0.133669 
5 1572 0.985399 0.170126 0.006753 5.650575 -0.170168 0.985395 0.006218 1.328101 -0.005596 -0.007277 0.999959 0.009362 
35 1589 0.997407 -0.015125 -0.070357 8.598169 0.016690 0.999626 0.021701 0.391383 0.070002 -0.022819 0.997286 0.239443 
0 1579 0.982342 0.186946 -0.007322 -0.877401 -0.186851 0.982314 0.012076 1.498495 0.009450 -0.010495 0.999901 -0.072533 
17 1567 0.999364 -0.034890 0.007375 14.097466 0.034755 0.999239 0.017687 1.341988 -0.007986 -0.017420 0.999817 0.059389 
17 1580 0.999850 0.014600 -0.009286 4.521559 -0.014561 0.999885 0.004276 0.877037 0.009348 -0.004140 0.999947 0.053444 
12 1564 0.999419 0.031692 0.012475 14.360397 -0.031898 0.999352 0.016691 1.292666 -0.011938 -0.017079 0.999783 0.061874 
1 1567 0.987247 0.158557 0.014246 8.266895 -0.158848 0.987050 0.022350 1.621926 -0.010518 -0.024328 0.999649 0.047140 
24 1589 0.998246 0.057932 -0.012131 1.706098 -0.057869 0.998309 0.005523 0.384680 0.012431 -0.004811 0.999911 -0.005847 
19 1579 0.999797 -0.009290 -0.017854 6.172023 0.009400 0.999937 0.006110 0.961836 0.017797 -0.006277 0.999822 0.095348 
12 1576 0.998195 0.060045 0.000981 5.207324 -0.060047 0.998192 0.002856 1.017510 -0.000808 -0.002910 0.999996 0.026338 
21 1577 0.999006 -0.042213 -0.014281 8.575831 0.042209 0.999108 -0.000542 1.109558 0.014291 -0.000061 0.999898 0.089382 
7 1582 0.978356 0.206928 0.000979 -0.851398 -0.206930 0.978352 0.002925 1.048391 -0.000353 -0.003065 0.999995 -0.030393 
1 1577 0.983206 0.182496 0.001088 0.804008 -0.182500 0.983184 0.006541 1.453624 0.000124 -0.006630 0.999979 -0.018502 
10 1582 0.989111 0.147172 0.000527 0.188241 -0.147168 0.989048 0.011244 0.928995 0.001134 -0.011200 0.999937 -0.020543 
35 1589 0.997407 -0.015125 -0.070357 8.598169 0.016690 0.999626 0.021701 0.391383 0.070002 -0.022819 0.997286 0.239443 
14 1587 0.992121 0.125266 -0.001724 -1.791587 -0.125237 0.992055 0.011897 0.762433 0.003201 -0.011588 0.999928 -0.044450 
24 1586 0.999463 0.023441 -0.022870 3.833293 -0.023288 0.999705 0.006996 0.519350 0.023027 -0.006459 0.999714 0.040769 
8 1585 0.976086 0.217354 -0.003677 -2.629496 -0.217308 0.976050 0.010146 1.029503 0.005794 -0.009105 0.999943 -0.057565 
16 1579 0.999810 0.015514 -0.011764 4.758443 -0.015425 0.999852 0.007575 0.927352 0.011880 -0.007392 0.999902 0.068447 
13 1589 0.985867 0.167412 0.006358 -3.615793 -0.167472 0.985822 0.010478 0.834371 -0.004513 -0.011394 0.999925 -0.036940 
22 1589 0.997146 0.075273 -0.005705 0.614193 -0.075268 0.997163 0.000960 0.431568 0.005761 -0.000527 0.999983 -0.015860 
0 1577 0.985258 0.171072 0.000223 0.527096 -0.171067 0.985214 0.009376 1.502239 0.001385 -0.009276 0.999956 -0.038421 
25 1584 0.999685 -0.012276 -0.021908 5.847326 0.012469 0.999885 0.008677 0.687060 0.021799 -0.008947 0.999722 0.053638 
10 1589 0.975378 0.220483 0.004992 -4.768338 -0.220531 0.975289 0.013349 1.029814 -0.001925 -0.014121 0.999898 -0.042118 
5 1583 0.969682 0.244357 0.002548 -2.188800 -0.244365 0.969676 0.003776 1.178074 -0.001548 -0.004284 0.999990 -0.044101 
29 1584 0.998373 -0.047269 -0.031868 8.223225 0.047522 0.998845 0.007217 0.795788 0.031490 -0.008720 0.999465 0.124426 
14 1588 0.990002 0.141020 0.002699 -2.483045 -0.141042 0.989945 0.010859 0.765431 -0.001141 -0.011131 0.999938 -0.045835 
29 1586 0.999159 -0.019924 -0.035826 6.774353 0.020282 0.999748 0.009669 0.563232 0.035624 -0.010387 0.999311 0.135461 
5 1589 0.952272 0.305179 0.006564 -6.433566 -0.305212 0.952272 0.004821 1.392340 -0.004780 -0.006594 0.999967 -0.057109 
1 1585 0.965122 0.261796 0.001763 -4.776186 -0.261795 0.965029 0.013434 1.559428 0.001816 -0.013427 0.999909 -0.098503 
5 1578 0.981391 0.191818 -0.008831 1.278090 -0.191813 0.981430 0.001431 1.196386 0.008942 0.000290 0.999960 -0.010230 
3 1581 0.973131 0.230228 0.003216 -1.388996 -0.230239 0.973129 0.003342 1.290659 -0.002360 -0.003992 0.999989 -0.033892 
27 1573 0.993644 -0.109936 -0.024189 14.808515 0.110085 0.993909 0.004937 1.664837 0.023499 -0.007569 0.999695 0.156871 
6 1571 0.988021 0.153861 0.011888 6.711152 -0.153929 0.988069 0.004986 1.310463 -0.010979 -0.006757 0.999917 -0.013877 
5 1585 0.964751 0.263146 -0.003082 -3.609397 -0.263123 0.964741 0.006279 1.223575 0.004625 -0.005247 0.999977 -0.079204 
11 1582 0.991922 0.126846 0.001486 0.584592 -0.126855 0.991874 0.009682 0.874982 -0.000246 -0.009793 0.999953 -0.018051 
9 1567 0.995613 0.093224 0.007958 10.809095 -0.093381 0.995381 0.022291 1.308357 -0.005844 -0.022936 0.999720 0.058455 
33 1580 0.992013 -0.106165 -0.068103 13.605527 0.106760 0.994271 0.005144 1.504220 0.067167 -0.012373 0.997665 0.360077 
1 1580 0.978274 0.207305 -0.002192 -1.287081 -0.207279 0.978244 0.008595 1.444833 0.003926 -0.007954 0.999961 -0.053223 
31 1586 0.998272 -0.033354 -0.048368 8.055515 0.033919 0.999365 0.010906 0.613700 0.047973 -0.012527 0.998770 0.194693 
4 1567 0.986041 0.166070 0.012005 9.151722 -0.166259 0.985936 0.016970 1.458850 -0.009018 -0.018729 0.999785 0.053465 
13 1582 0.995622 0.093454 0.002103 1.352128 -0.093468 0.995587 0.008483 0.820041 -0.001301 -0.008643 0.999962 -0.011609 
0 1589 0.956150 0.292660 0.011212 -7.853474 -0.292804 0.956060 0.014677 1.861822 -0.006424 -0.017316 0.999829 -0.082739 
19 1581 0.999892 0.012807 -0.007120 4.803088 -0.012772 0.999906 0.004962 0.805623 0.007183 -0.004871 0.999962 0.027740 
4 1566 0.986498 0.163378 0.011440 9.927510 -0.163547 0.986408 0.015837 1.467566 -0.008697 -0.017494 0.999810 0.071194 
36 1589 0.996823 -0.020608 -0.076935 9.312986 0.022563 0.999442 0.024612 0.425895 0.076384 -0.026270 0.996732 0.288359 
8 1573 0.992551 0.121827 0.000045 5.885994 -0.121820 0.992488 0.011260 1.223344 0.001327 -0.011182 0.999937 0.038611 
4 1585 0.963122 0.269066 -0.001034 -3.913599 -0.269049 0.963090 0.008320 1.304086 0.003234 -0.007735 0.999966 -0.081307 
11 1565 0.998747 0.049246 0.008962 13.151455 -0.049415 0.998582 0.019816 1.305743 -0.007973 -0.020234 0.999764 0.081946 
2 1585 0.962781 0.270273 0.002101 -4.490522 -0.270279 0.962713 0.011503 1.471083 0.001086 -0.011643 0.999933 -0.089838 
25 1589 0.998660 0.049543 -0.014958 2.269268 -0.049404 0.998734 0.009484 0.365160 0.015409 -0.008732 0.999843 0.002265 
5 1587 0.959941 0.280189 -0.002448 -5.059131 -0.280173 0.959934 0.005365 1.278283 0.003853 -0.004464 0.999983 -0.095397 
29 1577 0.993272 -0.110397 -0.034939 13.120366 0.110424 0.993884 -0.001130 1.539267 0.034850 -0.002736 0.999389 0.216665 
40 1588 0.993857 -0.049835 -0.098820 12.909672 0.053553 0.997940 0.035334 0.697470 0.096856 -0.040409 0.994479 0.597938 
13 1583 0.994496 0.104762 0.001985 0.658530 -0.104776 0.994452 0.009409 0.799410 -0.000988 -0.009565 0.999954 -0.013953 
11 1569 0.998362 0.055583 0.013627 10.021474 -0.055836 0.998261 0.018890 1.233339 -0.012553 -0.019619 0.999729 -0.022538 
11 1577 0.997052 0.076582 -0.004747 4.090060 -0.076555 0.997048 0.005769 1.027821 0.005175 -0.005389 0.999972 0.032647 
3 1579 0.977962 0.208649 -0.007486 -0.028280 -0.208619 0.977986 0.004719 1.309444 0.008305 -0.003053 0.999961 -0.032634 
2 1576 0.981394 0.191889 0.006730 1.823399 -0.191913 0.981407 0.003211 1.396947 -0.005989 -0.004443 0.999973 -0.004775 
27 1589 0.999355 0.030644 -0.018744 3.433619 -0.030539 0.999516 0.005852 0.339813 0.018914 -0.005276 0.999807 0.031182 
12 1571 0.999129 0.039906 0.012192 8.874893 -0.040041 0.999137 0.011068 1.192045 -0.011740 -0.011546 0.999864 -0.016332 
14 1568 0.999917 0.001716 0.012729 11.988119 -0.001988 0.999770 0.021361 1.298419 -0.012689 -0.021385 0.999692 0.010031 
18 1589 0.994215 0.107380 0.002147 -1.397989 -0.107395 0.994172 0.009350 0.604820 -0.001131 -0.009527 0.999954 -0.028926 
25 1590 0.998152 0.059635 -0.011669 1.514600 -0.059504 0.998164 0.011268 0.347575 0.012320 -0.010553 0.999869 -0.015290 
22 1569 0.997492 -0.070673 0.003781 15.034569 0.070646 0.997480 0.006566 1.450350 -0.004235 -0.006283 0.999971 -0.046882 
7 1587 0.967165 0.254114 -0.004194 -4.417744 -0.254089 0.967165 0.005517 1.129092 0.005458 -0.004271 0.999976 -0.081201 
7 1587 0.967165 0.254114 -0.004194 -4.417744 -0.254089 0.967165 0.005517 1.129092 0.005458 -0.004271 0.999976 -0.081201 
32 1583 0.996543 -0.066392 -0.049941 10.876213 0.066874 0.997730 0.008038 0.955160 0.049295 -0.011350 0.998720 0.189895 
12 1572 0.998958 0.045278 0.005671 8.139111 -0.045341 0.998906 0.011472 1.161412 -0.005146 -0.011718 0.999918 0.025975 
16 1573 0.999868 -0.016211 -0.000066 9.072581 0.016211 0.999781 0.013241 1.194988 -0.000149 -0.013240 0.999912 0.064215 
24 1590 0.997643 0.068031 -0.008882 0.951632 -0.067968 0.997660 0.007279 0.372792 0.009357 -0.006658 0.999935 -0.021645 
28 1586 0.999421 -0.010895 -0.032202 6.165281 0.011159 0.999906 0.008020 0.544853 0.032111 -0.008374 0.999449 0.116858 
9 1576 0.992998 0.118128 -0.000050 4.064943 -0.118125 0.992986 0.005206 1.084923 0.000664 -0.005163 0.999987 0.015376 
4 1580 0.976679 0.214654 -0.004697 -0.411591 -0.214640 0.976687 0.003332 1.238172 0.005303 -0.002246 0.999984 -0.034243 
18 1568 0.999073 -0.042341 0.007774 13.778290 0.042191 0.998936 0.018609 1.380323 -0.008554 -0.018264 0.999797 0.003131 
15 1577 0.999919 0.012244 -0.003247 5.733007 -0.012224 0.999905 0.006335 1.027550 0.003325 -0.006295 0.999975 0.053338 
8 1568 0.993556 0.112724 0.011817 9.676655 -0.112931 0.993429 0.018572 1.317883 -0.009645 -0.019787 0.999758 0.016590 
15 1583 0.997249 0.074069 0.002913 1.531542 -0.074096 0.997189 0.011086 0.761162 -0.002083 -0.011271 0.999935 -0.008913 
9 1573 0.994800 0.101836 -0.001147 6.237174 -0.101808 0.994691 0.015053 1.207708 0.002674 -0.014858 0.999886 0.039962 
18 1588 0.995257 0.097239 -0.002591 -0.698942 -0.097213 0.995224 0.008822 0.597414 0.003437 -0.008529 0.999958 -0.031187 
22 1575 0.998517 -0.053579 -0.009626 10.571276 0.053533 0.998553 -0.004996 1.201420 0.009880 0.004473 0.999941 0.057265 
5 1576 0.982801 0.184657 0.001985 2.721623 -0.184652 0.982801 -0.002414 1.221077 -0.002397 0.002006 0.999996 -0.000618 
27 1589 0.999355 0.030644 -0.018744 3.433619 -0.030539 0.999516 0.005852 0.339813 0.018914 -0.005276 0.999807 0.031182 
3 1570 0.985015 0.171341 0.019730 6.534139 -0.171575 0.985111 0.010860 1.462634 -0.017575 -0.014083 0.999746 -0.023887 
23 1578 0.998470 -0.050468 -0.022639 8.918339 0.050385 0.998720 -0.004239 1.098328 0.022823 0.003092 0.999734 0.155469 
9 1579 0.990985 0.133352 -0.012787 1.925351 -0.133238 0.991040 0.009421 1.029893 0.013929 -0.007632 0.999875 0.010442 
12 1586 0.988759 0.149441 -0.004689 -1.878160 -0.149375 0.988705 0.012279 0.819296 0.006471 -0.011440 0.999913 -0.052543 
13 1576 0.999040 0.043811 0.001078 5.586761 -0.043814 0.999035 0.003174 1.016893 -0.000938 -0.003218 0.999995 0.029176 
7 1590 0.957294 0.289001 0.008066 -6.541852 -0.289055 0.957290 0.006604 1.290475 -0.005812 -0.008653 0.999946 -0.042040 
33 1584 0.995770 -0.068309 -0.061433 10.811899 0.069149 0.997538 0.011649 0.982281 0.060486 -0.015848 0.998043 0.242273 
32 1583 0.996543 -0.066392 -0.049941 10.876213 0.066874 0.997730 0.008038 0.955160 0.049295 -0.011350 0.998720 0.189895 
32 1590 0.999083 0.006897 -0.042238 5.837252 -0.006289 0.999875 0.014486 0.282553 0.042333 -0.014207 0.999003 0.097648 
17 1589 0.993443 0.114249 0.004228 -1.860736 -0.114280 0.993415 0.008168 0.634556 -0.003267 -0.008597 0.999958 -0.029567 
2 1573 0.984413 0.175777 0.005665 3.990838 -0.175838 0.984331 0.013170 1.482706 -0.003261 -0.013961 0.999897 0.014828 
10 1579 0.993498 0.113060 -0.013361 2.278919 -0.112931 0.993552 0.010078 1.007456 0.014414 -0.008503 0.999860 0.019510 
22 1574 0.998205 -0.058808 -0.011367 11.293142 0.058815 0.998269 0.000288 1.282222 0.011331 -0.000956 0.999935 0.090247 
21 1586 0.998710 0.048450 -0.015199 2.209697 -0.048327 0.998796 0.008387 0.545883 0.015587 -0.007642 0.999849 0.004071 
6 1584 0.972017 0.234905 -0.001618 -2.580195 -0.234896 0.972009 0.004640 1.112087 0.002663 -0.004130 0.999988 -0.054620 
18 1587 0.996657 0.081395 -0.006981 -0.005110 -0.081324 0.996639 0.009777 0.622905 0.007753 -0.009176 0.999928 -0.022071 
7 1586 0.969251 0.246001 -0.005910 -3.692748 -0.245959 0.969255 0.007079 1.101028 0.007470 -0.005407 0.999957 -0.082609 
19 1585 0.998386 0.055945 -0.009769 1.952215 -0.055837 0.998378 0.011064 0.635070 0.010373 -0.010500 0.999891 -0.000756 
22 1577 0.998644 -0.049891 -0.014849 9.106144 0.049800 0.998739 -0.006347 1.140146 0.015147 0.005599 0.999870 0.103887 
9 1582 0.985892 0.167375 0.001078 -0.164432 -0.167377 0.985837 0.010568 0.963625 0.000706 -0.010600 0.999944 -0.024863 
21 1589 0.996549 0.082880 -0.004416 0.084094 -0.082850 0.996540 0.006648 0.467394 0.004952 -0.006259 0.999968 -0.025353 
12 1585 0.990116 0.140202 -0.003658 -1.148306 -0.140151 0.990062 0.011612 0.820965 0.005250 -0.010984 0.999926 -0.036709 
9 1589 0.970660 0.240393 0.005490 -5.117459 -0.240445 0.970581 0.012634 1.090642 -0.002292 -0.013583 0.999905 -0.045304 
4 1573 0.984643 0.174557 0.002853 4.581248 -0.174577 0.984595 0.009698 1.372335 -0.001116 -0.010048 0.999949 0.020759 
28 1584 0.998870 -0.038239 -0.028200 7.614810 0.038414 0.999246 0.005667 0.760801 0.027962 -0.006744 0.999586 0.108334 
6 1590 0.952571 0.304204 0.008280 -6.861126 -0.304255 0.952572 0.005782 1.378050 -0.006128 -0.008027 0.999950 -0.044551 
26 1589 0.999046 0.040142 -0.017184 2.850283 -0.040021 0.999172 0.007283 0.345036 0.017462 -0.006589 0.999826 0.014072 
17 1579 0.999893 0.005404 -0.013556 5.211653 -0.005340 0.999974 0.004844 0.931324 0.013582 -0.004771 0.999897 0.081256 
10 1584 0.987143 0.159818 -0.002236 -1.217487 -0.159772 0.987058 0.013768 0.915090 0.004408 -0.013234 0.999902 -0.035944 
18 1573 0.999440 -0.033189 -0.003997 9.987890 0.033233 0.999383 0.011333 1.248860 0.003618 -0.011460 0.999927 0.074311 
17 1590 0.992218 0.124283 0.007503 -2.612543 -0.124354 0.992190 0.009758 0.658786 -0.006231 -0.010615 0.999925 -0.034454 
4 1585 0.963122 0.269066 -0.001034 -3.913599 -0.269049 0.963090 0.008320 1.304086 0.003234 -0.007735 0.999966 -0.081307 
21 1577 0.999006 -0.042213 -0.014281 8.575831 0.042209 0.999108 -0.000542 1.109558 0.014291 -0.000061 0.999898 0.089382 
31 1583 0.997195 -0.062115 -0.041759 10.216795 0.062438 0.998028 0.006473 0.902312 0.041275 -0.009062 0.999107 0.162160 
22 1585 0.999391 0.031444 -0.015169 3.473034 -0.031419 0.999504 0.001883 0.573141 0.015221 -0.001405 0.999884 0.029587 
